frame,throttle,steer,brake
58573,0.0,0.0,0.0
58574,0.0,0.0,0.0
58575,0.699999988079071,0.0005237417062744498,0.0
58576,0.699999988079071,0.0005240325699560344,0.0
58577,0.699999988079071,0.0005242652841843665,0.0
58578,0.699999988079071,0.0005245561478659511,0.0
58579,0.699999988079071,0.0005243686027824879,0.0
58580,0.699999988079071,0.0005246591754257679,0.0
58582,0.699999988079071,0.0005251821712590754,0.0
58583,0.699999988079071,0.0005254727439023554,0.0
58584,0.699999988079071,0.0005257633165456355,0.0
58585,0.699999988079071,0.0005254592397250235,0.0
58586,0.699999988079071,0.0005268806708045304,0.0
58587,0.699999988079071,0.0005265767686069012,0.0
58588,0.699999988079071,0.0005268673412501812,0.0
58589,0.699999988079071,0.0005266793305054307,0.0
58590,0.699999988079071,0.0005279848119243979,0.0
58591,0.699999988079071,0.0005284501821734011,0.0
58592,0.699999988079071,0.0005292777204886079,0.0
58593,0.699999988079071,0.0005284956423565745,0.0
58594,0.699999988079071,0.0005298013566061854,0.0
58595,0.699999988079071,0.0005296141025610268,0.0
58596,0.699999988079071,0.0005299049662426114,0.0
58597,0.699999988079071,0.0005296592134982347,0.0
58598,0.699999988079071,0.0005297754541970789,0.0
58599,0.699999988079071,0.0005310811102390289,0.0
58600,0.699999988079071,0.0005308357067406178,0.0
58601,0.699999988079071,0.0005311265704222023,0.0
58602,0.699999988079071,0.0005321286153048277,0.0
58603,0.699999988079071,0.0005324197700247169,0.0
58604,0.699999988079071,0.0005326527170836926,0.0
58605,0.699999988079071,0.000531157071236521,0.0
58606,0.699999988079071,0.000533234910108149,0.0
58607,0.699999988079071,0.0005330475978553295,0.0
58608,0.699999988079071,0.0005333384615369141,0.0
58609,0.699999988079071,0.0005341077339835465,0.0
58610,0.699999988079071,0.0005338622722774744,0.0
58611,0.699999988079071,0.0005346897523850203,0.0
58612,0.699999988079071,0.0005350391729734838,0.0
58613,0.699999988079071,0.0005353885935619473,0.0
58614,0.699999988079071,0.0005356797482818365,0.0
58615,0.699999988079071,0.0005360291688703001,0.0
58616,0.699999988079071,0.0005363785312511027,0.0
58617,0.699999988079071,0.0005368444253690541,0.0
58618,0.699999988079071,0.000535406987182796,0.0
58619,0.699999988079071,0.000536948093213141,0.0
58620,0.699999988079071,0.0005378338973969221,0.0
58621,0.699999988079071,0.0005381250521168113,0.0
58622,0.699999988079071,0.0005379959475249052,0.0
58623,0.699999988079071,0.0005382868112064898,0.0
58624,0.699999988079071,0.0005384613759815693,0.0
58625,0.699999988079071,0.0005392305902205408,0.0
58626,0.699999988079071,0.0005395217449404299,0.0
58627,0.699999988079071,0.0005397546919994056,0.0
58628,0.699999988079071,0.000539451080840081,0.0
58629,0.699999988079071,0.000539683795068413,0.0
58630,0.699999988079071,0.0005399164510890841,0.0
58631,0.699999988079071,0.0005408603465184569,0.0
58632,0.699999988079071,0.0005406148848123848,0.0
58633,0.699999988079071,0.0005441836547106504,0.0
58634,0.699999988079071,0.0005568186170421541,0.0
58635,0.699999988079071,0.0005769730778411031,0.0
58636,0.699999988079071,0.0006083420594222844,0.0
58637,0.699999988079071,0.0006479087751358747,0.0
58638,0.699999988079071,0.0006868208292871714,0.0
58639,0.699999988079071,0.0007119533256627619,0.0
58640,0.699999988079071,0.0007482147193513811,0.0
58641,0.699999988079071,0.0007808166556060314,0.0
58642,0.699999988079071,0.0007932165754027665,0.0
58643,0.699999988079071,0.0008177963318303227,0.0
58644,0.699999988079071,0.0008236051071435213,0.0
58645,0.699999988079071,0.0008341562352143228,0.0
58646,0.699999988079071,0.0008422094979323447,0.0
58647,0.699999988079071,0.0008308592368848622,0.0
58648,0.699999988079071,0.000830681761726737,0.0
58649,0.699999988079071,0.000811275327578187,0.0
58650,0.699999988079071,0.0008091169293038547,0.0
58651,0.699999988079071,0.0007907691178843379,0.0
58652,0.699999988079071,0.0007873253780417144,0.0
58653,0.699999988079071,0.0007696666871197522,0.0
58654,0.699999988079071,0.0007641769479960203,0.0
58655,0.699999988079071,0.0007448114920407534,0.0
58656,0.699999988079071,0.0007426065858453512,0.0
58657,0.699999988079071,0.0007428449462167919,0.0
58658,0.699999988079071,0.0007079005590640008,0.0
58659,0.699999988079071,0.0007082025986164808,0.0
58660,0.699999988079071,0.0007096537156030536,0.0
58661,0.699999988079071,0.0006939332815818489,0.0
58662,0.699999988079071,0.0007029454573057592,0.0
58663,0.699999988079071,0.000671741901896894,0.0
58664,0.699999988079071,0.0006630450370721519,0.0
58665,0.699999988079071,0.0006532006082125008,0.0
58666,0.699999988079071,0.0006605915259569883,0.0
58667,0.699999988079071,0.0006512131076306105,0.0
58668,0.699999988079071,0.0006429714267142117,0.0
58669,0.699999988079071,0.000649682420771569,0.0
58670,0.699999988079071,0.0006414395174942911,0.0
58671,0.699999988079071,0.0006417777622118592,0.0
58672,0.699999988079071,0.0006421143771149218,0.0
58673,0.699999988079071,0.0006365497829392552,0.0
58674,0.699999988079071,0.0006293058977462351,0.0
58675,0.699999988079071,0.0006226614350453019,0.0
58676,0.699999988079071,0.0006309713935479522,0.0
58677,0.699999988079071,0.000624929612968117,0.0
58678,0.699999988079071,0.0006252574385143816,0.0
58679,0.699999988079071,0.0006121681653894484,0.0
58680,0.699999988079071,0.0006065857596695423,0.0
58681,0.699999988079071,0.0006175072048790753,0.0
58682,0.699999988079071,0.0006119281169958413,0.0
58683,0.699999988079071,0.0006058084545657039,0.0
58684,0.699999988079071,0.0005887754377909005,0.0
58685,0.699999988079071,0.0005967166507616639,0.0
58686,0.699999988079071,0.0005916612572036684,0.0
58687,0.699999988079071,0.0005887494189664721,0.0
58688,0.699999988079071,0.0005997890839353204,0.0
58689,0.699999988079071,0.0005941982963122427,0.0
58690,0.699999988079071,0.0005902140983380377,0.0
58691,0.699999988079071,0.0005868249572813511,0.0
58692,0.699999988079071,0.0005811655428260565,0.0
58693,0.6478444933891296,0.0005695470026694238,0.0
58694,0.693165123462677,0.0005744342342950404,0.0
58695,0.6755272150039673,0.0005714523140341043,0.0
58696,0.6609646081924438,0.0005684689967893064,0.0
58697,0.6468541622161865,0.0005639332230202854,0.0
58698,0.6337513327598572,0.0005609462969005108,0.0
58699,0.6194259524345398,0.0005574787501245737,0.0
58700,0.6058759689331055,0.0005540091078728437,0.0
58701,0.5919647216796875,0.00055113056441769,0.0
58702,0.578235387802124,0.0005481374100781977,0.0
58703,0.5646998286247253,0.0005457912338897586,0.0
58704,0.5532735586166382,0.0005401679663918912,0.0
58705,0.541370689868927,0.0005366879049688578,0.0
58706,0.5299156308174133,0.0005327239632606506,0.0
58707,0.5182783007621765,0.0005287032690830529,0.0
58708,0.5065306425094604,0.0005252698319964111,0.0
58709,0.4961371421813965,0.0005212441901676357,0.0
58710,0.48460471630096436,0.0005172161618247628,0.0
58711,0.47429704666137695,0.0005125971511006355,0.0
58712,0.46486759185791016,0.0005085126031190157,0.0
58713,0.45543259382247925,0.0005039405077695847,0.0
58714,0.44744807481765747,0.0004988290602341294,0.0
58715,0.4392390251159668,0.0004943011444993317,0.0
58716,0.43121546506881714,0.00047576858196407557,0.0
58717,0.42340826988220215,0.0004840566252823919,0.0
58718,0.41636228561401367,0.0004971300950273871,0.0
58719,0.4098632335662842,0.0005027466104365885,0.0
58720,0.4035223722457886,0.0005068584578111768,0.0
58721,0.3970109820365906,0.0005086724413558841,0.0
58722,0.39013606309890747,0.0004950263537466526,0.0
58723,0.38413166999816895,0.00047541773528791964,0.0
58724,0.37784314155578613,0.0004600915126502514,0.0
58725,0.3720458745956421,0.00044851473649032414,0.0
58726,0.3664032816886902,0.0004272722580935806,0.0
58727,0.36069464683532715,0.00042422121623530984,0.0
58728,0.33620011806488037,0.0004399037279654294,0.0
58729,0.351331889629364,0.0004320689768064767,0.0
58730,0.3471561074256897,0.0004306295304559171,0.0
58731,0.34281212091445923,0.0004212235508020967,0.0
58732,0.33883118629455566,0.0004128441505599767,0.0
58733,0.3350631594657898,0.0003003834281116724,0.0
58734,0.3315645456314087,0.000293009914457798,0.0
58735,0.32804155349731445,0.00028831535018980503,0.0
58736,0.3243675231933594,0.0002825977571774274,0.0
58737,0.32057708501815796,0.00027848401805385947,0.0
58738,0.31630027294158936,0.00026844022795557976,0.0
58739,0.31177133321762085,0.0002675361465662718,0.0
58740,0.30799394845962524,0.0002596072154119611,0.0
58741,0.30799394845962524,0.00025974633172154427,0.0
58742,0.3015875816345215,0.0002469829050824046,0.0
58743,0.29861652851104736,0.0002417254727333784,0.0
58744,0.2959364652633667,0.00023805417004041374,0.0
58745,0.29368704557418823,0.00022581560187973082,0.0
58746,0.2914806306362152,0.00022322936274576932,0.0
58747,0.2896031439304352,0.00022227043518796563,0.0
58748,0.28752702474594116,0.0002213110274169594,0.0
58749,0.28752702474594116,0.0002213863772340119,0.0
58750,0.28373298048973083,0.0002225537900812924,0.0
58751,0.281984806060791,0.00021191613632254303,0.0
58752,0.2802351713180542,0.00020772927382495254,0.0
58753,0.27854061126708984,0.00020513258641585708,0.0
58754,0.27784597873687744,0.00020199779828544706,0.0
58755,0.27666494250297546,0.00020421056251507252,0.0
58756,0.27490630745887756,0.00020375833264552057,0.0
58757,0.27346450090408325,0.0002033225173363462,0.0
58758,0.27219292521476746,0.0001969675358850509,0.0
58759,0.27065223455429077,0.00019709579646587372,0.0
58760,0.2693670392036438,0.0001966073177754879,0.0
58761,0.2679917812347412,0.00019455644360277802,0.0
58762,0.26669812202453613,0.0001935774926096201,0.0
58763,0.2654770314693451,0.0001920765935210511,0.0
58764,0.2645987868309021,0.00018678756896406412,0.0
58765,0.26198315620422363,0.00018201734928879887,0.0
58766,0.2611922025680542,0.00018046489276457578,0.0
58767,0.26031869649887085,0.0001805355423130095,0.0
58768,0.25932517647743225,0.00017363010556437075,0.0
58769,0.25847259163856506,0.00017261038010474294,0.0
58770,0.2576524019241333,0.00017109278996940702,0.0
58771,0.25683218240737915,0.00016905002121347934,0.0
58772,0.2556818723678589,0.00016428397793788463,0.0
58773,0.25696277618408203,0.0001606127480044961,0.0
58774,0.25759416818618774,0.00016124443209264427,0.0
58775,0.2547464072704315,0.0001580962270963937,0.0
58776,0.2540113627910614,0.00015762897965032607,0.0
58777,0.2539987564086914,0.00015284540131688118,0.0
58778,0.2535426616668701,0.00015342589176725596,0.0
58779,0.25302717089653015,0.00015345896827057004,0.0
58780,0.25233662128448486,0.00015190425619948655,0.0
58781,0.2516757845878601,0.0001514110917923972,0.0
58782,0.2510931193828583,0.0001514542382210493,0.0
58783,0.25057536363601685,0.00014560535782948136,0.0
58784,0.2501545548439026,0.0001456458994653076,0.0
58785,0.24952413141727448,0.00014514986833091825,0.0
58786,0.24897955358028412,0.00014574691886082292,0.0
58787,0.2486274093389511,0.00014525088772643358,0.0
58788,0.24819515645503998,0.00014100875705480576,0.0
58789,0.24796627461910248,0.00014161269064061344,0.0
58790,0.2466469258069992,0.00013992271851748228,0.0
58791,0.24705106019973755,0.00013634227798320353,0.0
58792,0.2470870316028595,0.00013691508502233773,0.0
58793,0.24690212309360504,0.00013695155212190002,0.0
58794,0.2467108517885208,0.00013592391042038798,0.0
58795,0.24650157988071442,0.00013543228851631284,0.0
58796,0.24635183811187744,0.00013493149890564382,0.0
58797,0.24614763259887695,0.00013014684373047203,0.0
58798,0.2459592968225479,0.00012911533121950924,0.0
58799,0.2459592968225479,0.00012915644038002938,0.0
58800,0.24553358554840088,0.00012757965305354446,0.0
58801,0.2452947199344635,0.00012279031216166914,0.0
58802,0.24539119005203247,0.00012121065810788423,0.0
58803,0.24531680345535278,0.00012017408153042197,0.0
58804,0.24519385397434235,0.00011913689377252012,0.0
58805,0.24513304233551025,0.00011702610936481506,0.0
58806,0.24502252042293549,0.00011330403503961861,0.0
58807,0.24486492574214935,0.00011118353722849861,0.0
58808,0.244684100151062,0.00011121452553197742,0.0
58810,0.24474851787090302,0.00010967208800138906,0.0
58811,0.24474851787090302,0.00010970218863803893,0.0
58812,0.24466301500797272,0.00010597510845400393,0.0
58813,0.24481244385242462,0.00010492440196685493,0.0
58814,0.24498966336250305,0.0001049518323270604,0.0
58815,0.24513091146945953,0.00010068080155178905,0.0
58816,0.24526497721672058,0.0001007108367048204,0.0
58817,0.24538905918598175,0.00010020424087997526,0.0
58818,0.24542780220508575,0.0001002339122351259,0.0
58819,0.24542780220508575,0.00010024380753748119,0.0
58820,0.2465347796678543,9.974181011784822e-05,0.0
58821,0.24663662910461426,9.761512046679854e-05,0.0
58822,0.24676840007305145,9.710634185466915e-05,0.0
58823,0.2465251237154007,9.820712148211896e-05,0.0
58824,0.24654850363731384,9.768939344212413e-05,0.0
58825,0.246934175491333,9.717607463244349e-05,0.0
58826,0.246816948056221,9.666246478445828e-05,0.0
58827,0.24680501222610474,9.775835496839136e-05,0.0
58828,0.24680501222610474,9.77769450400956e-05,0.0
58829,0.24702000617980957,9.941005555447191e-05,0.0
58830,0.24717335402965546,9.783361747395247e-05,0.0
58831,0.2471066564321518,9.731565660331398e-05,0.0
58832,0.24707771837711334,9.894846880342811e-05,0.0
58833,0.2463509887456894,9.89675463642925e-05,0.0
58834,0.24686110019683838,9.953283733921126e-05,0.0
58835,0.24693694710731506,9.902512829285115e-05,0.0
58836,0.24653394520282745,9.212505392497405e-05,0.0
58837,0.24668338894844055,9.745270654093474e-05,0.0
58838,0.2468481808900833,9.535695426166058e-05,0.0
58840,0.2468923181295395,9.269559814129025e-05,0.0
58841,0.2468923181295395,9.271180897485465e-05,0.0
58842,0.24748985469341278,8.75422265380621e-05,0.0
58843,0.24707035720348358,8.845507545629516e-05,0.0
58844,0.24712806940078735,8.739970508031547e-05,0.0
58845,0.2471967339515686,8.419417281402275e-05,0.0
58846,0.24728240072727203,8.259980677394196e-05,0.0
58847,0.247364804148674,8.153836824931204e-05,0.0
58848,0.24743182957172394,7.994251791387796e-05,0.0
58849,0.24749673902988434,7.727222691755742e-05,0.0
58850,0.24756735563278198,7.621537224622443e-05,0.0
58851,0.24763177335262299,7.568978617200628e-05,0.0
58852,0.24765989184379578,7.35538051230833e-05,0.0
58853,0.24772299826145172,7.195329817477614e-05,0.0
58854,0.24779444932937622,7.088870188454166e-05,0.0
58855,0.24786408245563507,6.982350896578282e-05,0.0
58856,0.24792784452438354,6.929862138349563e-05,0.0
58857,0.24796970188617706,6.608890544157475e-05,0.0
58858,0.2484070211648941,6.394861702574417e-05,0.0
58859,0.2492234855890274,6.449018110288307e-05,0.0
58860,0.25030413269996643,6.28855123068206e-05,0.0
58861,0.25163328647613525,6.288981239777058e-05,0.0
58862,0.25188422203063965,6.128406675998122e-05,0.0
58863,0.251651406288147,6.021255467203446e-05,0.0
58864,0.25131940841674805,5.914110442972742e-05,0.0
58865,0.24766048789024353,5.9141999372513965e-05,0.0
58866,0.2502349615097046,5.8606867241906e-05,0.0
58867,0.24999432265758514,5.75348203710746e-05,0.0
58868,0.2497849017381668,5.914528082939796e-05,0.0
58869,0.24962745606899261,5.753703590016812e-05,0.0
58870,0.24949617683887482,5.807425259263255e-05,0.0
58871,0.24939236044883728,5.753852747147903e-05,0.0
58872,0.24931257963180542,5.861272074980661e-05,0.0
58873,0.24925078451633453,5.8613670262275264e-05,0.0
58874,0.2493160218000412,5.8078472648048773e-05,0.0
58875,0.24932876229286194,5.86157402722165e-05,0.0
58876,0.24929393827915192,6.0226378991501406e-05,0.0
58877,0.24929410219192505,5.969185076537542e-05,0.0
58878,0.24931536614894867,6.076687714084983e-05,0.0
58879,0.24935361742973328,6.076830322854221e-05,0.0
58880,0.2493768334388733,6.130724068498239e-05,0.0
58881,0.24944648146629333,6.238316564122215e-05,0.0
58882,0.24945023655891418,4.950612492393702e-05,0.0
58883,0.24944157898426056,4.8429908929392695e-05,0.0
58884,0.2496892362833023,4.842543785343878e-05,0.0
58885,0.24953411519527435,4.6812183427391574e-05,0.0
58886,0.24956795573234558,4.734343747259118e-05,0.0
58887,0.2496630996465683,4.465555684873834e-05,0.0
58888,0.24975939095020294,4.46503036073409e-05,0.0
58889,0.2498774379491806,4.357050420367159e-05,0.0
58890,0.24997258186340332,4.249166158842854e-05,0.0
58891,0.25002652406692505,4.30205327575095e-05,0.0
58892,0.2501700520515442,4.139988959650509e-05,0.0
58893,0.2504059672355652,4.139322118135169e-05,0.0
58894,0.2503206431865692,4.2458119423827156e-05,0.0
58895,0.2505158483982086,4.137379801250063e-05,0.0
58896,0.2506979703903198,4.190046092844568e-05,0.0
58897,0.2508019506931305,4.457025715964846e-05,0.0
58898,0.2508469223976135,4.509900099947117e-05,0.0
58899,0.25150150060653687,4.723921665572561e-05,0.0
58900,0.25249749422073364,4.991724563296884e-05,0.0
58901,0.2535138726234436,5.098690598970279e-05,0.0
58902,0.25428521633148193,5.25931864103768e-05,0.0
58903,0.2550467252731323,5.312771463650279e-05,0.0
58904,0.25565654039382935,5.366284312913194e-05,0.0
58905,0.25609469413757324,5.151433651917614e-05,0.0
58906,0.2564984858036041,4.882909342995845e-05,0.0
58907,0.25691014528274536,4.3995340092806146e-05,0.0
58908,0.2572168707847595,3.86242572858464e-05,0.0
58909,0.2575153708457947,8.261731272796169e-05,0.0
58910,0.25781965255737305,9.17623401619494e-05,0.0
58911,0.2580496668815613,0.00010358240979257971,0.0
58912,0.2581971287727356,0.00012185373634565622,0.0
58913,0.2585970163345337,0.00013529686839319766,0.0
58914,0.25886106491088867,0.00015840402920730412,0.0
58915,0.25918343663215637,0.0001783156330930069,0.0
58916,0.25950583815574646,0.00019877486920449883,0.0
58917,0.2597726583480835,0.00022354113752953708,0.0
58918,0.2600160837173462,0.00024778174702078104,0.0
58919,0.2600160837173462,0.0002478454262018204,0.0
58920,0.26049166917800903,0.000312864372972399,0.0
58921,0.26074784994125366,0.0003457403799984604,0.0
58922,0.2609916031360626,0.0003802444553002715,0.0
58923,0.2612727880477905,0.00041480729123577476,0.0
58924,0.2616334557533264,0.0004522516392171383,0.0
58926,0.2616334557533264,0.0004524268733803183,0.0
58927,0.262300968170166,0.0005481856060214341,0.0
58928,0.26304009556770325,0.0006310336757451296,0.0
58929,0.26334941387176514,0.0006780324620194733,0.0
58930,0.263702392578125,0.0007255249656736851,0.0
58931,0.2640143036842346,0.0008117544348351657,0.0
58932,0.26433342695236206,0.0008690540562383831,0.0
58933,0.2658947706222534,0.0010732978116720915,0.0
58934,0.2649494409561157,0.0009991198312491179,0.0
58935,0.26523375511169434,0.0010699382983148098,0.0
58936,0.2654826045036316,0.0011481879046186805,0.0
58937,0.2657095193862915,0.0012347808806225657,0.0
58938,0.2659774720668793,0.0013251779600977898,0.0
58939,0.26623380184173584,0.0014177914708852768,0.0
58940,0.26645028591156006,0.0015886521432548761,0.0
58941,0.26664596796035767,0.0017086282605305314,0.0
58942,0.26664596796035767,0.0017091757617890835,0.0
58943,0.26715850830078125,0.001976805040612817,0.0
58944,0.26742023229599,0.0022021729964762926,0.0
58945,0.2686161398887634,0.0026868905406445265,0.0
58946,0.2678523361682892,0.0026119512040168047,0.0
58947,0.2680729031562805,0.002782935043796897,0.0
58948,0.2682628631591797,0.0029593792278319597,0.0
58949,0.26910072565078735,0.0035466551780700684,0.0
58950,0.2691129744052887,0.003784866537898779,0.0
58951,0.26870638132095337,0.003552449867129326,0.0
58952,0.2688538432121277,0.003887348808348179,0.0
58953,0.2689823508262634,0.004115469753742218,0.0
58954,0.2691134810447693,0.0043489946983754635,0.0
58955,0.26924213767051697,0.004586976952850819,0.0
58956,0.2693544626235962,0.004856185056269169,0.0
58957,0.2693544626235962,0.004858304280787706,0.0
58958,0.26966410875320435,0.005398676730692387,0.0
58959,0.2698171138763428,0.00584755651652813,0.0
58960,0.2699711322784424,0.0061491127125918865,0.0
58961,0.2701246440410614,0.006474446505308151,0.0
58962,0.27027881145477295,0.006798555608838797,0.0
58963,0.2704300284385681,0.0071395630948245525,0.0
58964,0.27055951952934265,0.007701553869992495,0.0
58965,0.2706875205039978,0.008049935102462769,0.0
58966,0.2707882523536682,0.008415872231125832,0.0
58967,0.27088451385498047,0.008787032216787338,0.0
58968,0.2709586024284363,0.009180355817079544,0.0
58969,0.2710723876953125,0.00955887045711279,0.0
58970,0.27119025588035583,0.010110920295119286,0.0
58971,0.27119025588035583,0.010112028568983078,0.0
58972,0.27143794298171997,0.010657482780516148,0.0
58973,0.2715458273887634,0.011016283184289932,0.0
58974,0.2716522812843323,0.011365044862031937,0.0
58975,0.27178698778152466,0.011683045886456966,0.0
58976,0.2718997895717621,0.011997760273516178,0.0
58977,0.2720165252685547,0.012370560318231583,0.0
58978,0.2721412777900696,0.01262951735407114,0.0
58979,0.2722087800502777,0.012863623909652233,0.0
58980,0.27226191759109497,0.013084775768220425,0.0
58981,0.27230656147003174,0.013292095623910427,0.0
58982,0.2723398804664612,0.013509877026081085,0.0
58984,0.272440105676651,0.013832729309797287,0.0
58985,0.27248620986938477,0.013988298363983631,0.0
58986,0.27248620986938477,0.014002052135765553,0.0
58987,0.2725467085838318,0.014240781776607037,0.0
58988,0.27289772033691406,0.014345129951834679,0.0
58989,0.2725050151348114,0.014322267845273018,0.0
58990,0.27328646183013916,0.014338118955492973,0.0
58991,0.2734512686729431,0.014349681325256824,0.0
58992,0.2735609710216522,0.014141768217086792,0.0
58993,0.27357372641563416,0.0143099594861269,0.0
58994,0.2735629379749298,0.014272239059209824,0.0
58995,0.2736361622810364,0.014194739051163197,0.0
58996,0.27362963557243347,0.014104324392974377,0.0
58997,0.27358973026275635,0.014003582298755646,0.0
58998,0.2735438048839569,0.013896236196160316,0.0
58999,0.2734934687614441,0.0137815335765481,0.0
59000,0.27317380905151367,0.013450192287564278,0.0
59001,0.2733973264694214,0.013552943244576454,0.0
59002,0.27335792779922485,0.013126336969435215,0.0
59003,0.2733173966407776,0.012979205697774887,0.0
59005,0.27326083183288574,0.012639726512134075,0.0
59006,0.27326083183288574,0.012645171955227852,0.0
59007,0.2732333540916443,0.012470560148358345,0.0
59008,0.27318233251571655,0.01176750473678112,0.0
59009,0.2731519341468811,0.011572953313589096,0.0
59010,0.2730754017829895,0.011390428990125656,0.0
59011,0.27311694622039795,0.011164583265781403,0.0
59012,0.27310991287231445,0.010596421547234058,0.0
59013,0.27308523654937744,0.010379370301961899,0.0
59014,0.27299612760543823,0.009646783582866192,0.0
59015,0.2731022238731384,0.00991865061223507,0.0
59016,0.27307459712028503,0.009694263339042664,0.0
59017,0.2730768918991089,0.009462210349738598,0.0
59018,0.2730788588523865,0.009229389950633049,0.0
59019,0.2730788588523865,0.009232311509549618,0.0
59020,0.27236586809158325,0.008002174086868763,0.0
59021,0.2730262279510498,0.008189956657588482,0.0
59022,0.2729869782924652,0.007957056164741516,0.0
59023,0.2730150818824768,0.007717072032392025,0.0
59024,0.27297651767730713,0.007142946124076843,0.0
59025,0.27297651767730713,0.007143685128539801,0.0
59026,0.27297651767730713,0.00714516406878829,0.0
59028,0.27537357807159424,0.005959187634289265,0.0
59029,0.2764774262905121,0.005421307869255543,0.0
59030,0.2764774262905121,0.005424040835350752,0.0
59031,0.27757489681243896,0.004992609843611717,0.0
59032,0.277276873588562,0.004475556779652834,0.0
59033,0.27676090598106384,0.004271041601896286,0.0
59034,0.27649885416030884,0.00406986940652132,0.0
59035,0.2759290933609009,0.003421103348955512,0.0
59036,0.2761474847793579,0.0036642448976635933,0.0
59037,0.27587807178497314,0.0034572710283100605,0.0
59039,0.2751010060310364,0.0028695964720100164,0.0
59040,0.2751010060310364,0.0028709007892757654,0.0
59041,0.2747781276702881,0.0027077198028564453,0.0
59042,0.27413710951805115,0.0024111084640026093,0.0
59043,0.27391132712364197,0.0022708915639668703,0.0
59044,0.2738235592842102,0.0021330402232706547,0.0
59045,0.2738235592842102,0.0021335752680897713,0.0
59046,0.2738235592842102,0.0021346458233892918,0.0
59047,0.27492934465408325,0.0016218265518546104,0.0
59048,0.27880680561065674,0.0014066144358366728,0.0
59049,0.2771037220954895,0.0013132032472640276,0.0
59050,0.2772362232208252,0.001033431850373745,0.0
59051,0.2769806385040283,0.0011464442359283566,0.0
59052,0.27158716320991516,0.0008926826994866133,0.0
59054,0.27510854601860046,0.000933153263758868,0.0
59055,0.27474167943000793,0.0008727380773052573,0.0
59056,0.27474167943000793,0.000872927310410887,0.0
59057,0.27421557903289795,0.0007507427944801748,0.0
59058,0.2740035355091095,0.0006687458953820169,0.0
59059,0.2737944424152374,0.0006382341962307692,0.0
59060,0.2736286520957947,0.0006103972555138171,0.0
59061,0.2728275656700134,0.0005412967293523252,0.0
59062,0.2734089493751526,0.0005734514561481774,0.0
59063,0.2734089493751526,0.0005734742153435946,0.0
59064,0.27327340841293335,0.0005117816035635769,0.0
59065,0.27327340841293335,0.0005117746768519282,0.0
59066,0.2731301784515381,0.0004988813889212906,0.0
59067,0.2732384204864502,0.00048544479068368673,0.0
59068,0.2731708884239197,0.0004661076236516237,0.0
59069,0.2732173204421997,0.00041725102346390486,0.0
59070,0.27384912967681885,0.0003065825439989567,0.0
59071,0.2732882797718048,0.00034406856866553426,0.0
59072,0.27320539951324463,0.00030054437229409814,0.0
59073,0.27261847257614136,0.0001936657354235649,0.0
59074,0.27261847257614136,0.00019351521041244268,0.0
59075,0.27331215143203735,7.096474291756749e-05,0.0
59076,0.27331215143203735,7.070880383253098e-05,0.0
59077,0.27275121212005615,-0.0003109111567027867,0.0
59078,0.27307426929473877,-0.00021848082542419434,0.0
59079,0.27302229404449463,-0.0003090394311584532,0.0
59080,0.27299565076828003,-0.00040179427014663815,0.0
59081,0.2729089856147766,-0.0005036297370679677,0.0
59082,0.2728450894355774,-0.000610991264693439,0.0
59083,0.2728632092475891,-0.0007184120477177203,0.0
59084,0.2727822959423065,-0.0009072989923879504,0.0
59085,0.2727770507335663,-0.0010302726877853274,0.0
59086,0.27277249097824097,-0.0011567070614546537,0.0
59087,0.27280518412590027,-0.0012824736768379807,0.0
59088,0.2727762460708618,-0.0014184905448928475,0.0
59089,0.2727888226509094,-0.0015537251019850373,0.0
59090,0.27274781465530396,-0.0017018967773765326,0.0
59091,0.2727263569831848,-0.0019239550456404686,0.0
59092,0.27275794744491577,-0.0020712739787995815,0.0
59093,0.27275317907333374,-0.0022261864505708218,0.0
59094,0.2727254033088684,-0.002389770234003663,0.0
59095,0.27273455262184143,-0.0025518343318253756,0.0
59096,0.2727876901626587,-0.002708621323108673,0.0
59097,0.27279359102249146,-0.002871933626011014,0.0
59098,0.27279913425445557,-0.0031014755368232727,0.0
59099,0.27280908823013306,-0.003265541046857834,0.0
59100,0.2728949189186096,-0.003784067463129759,0.0
59101,0.2728223502635956,-0.003598852315917611,0.0
59102,0.2728345990180969,-0.003764782566577196,0.0
59103,0.27273738384246826,-0.004340571817010641,0.0
59104,0.27281123399734497,-0.004120593890547752,0.0
59105,0.2728092670440674,-0.004296491853892803,0.0
59106,0.27280354499816895,-0.00451916828751564,0.0
59107,0.272821843624115,-0.004643261898308992,0.0
59108,0.27281662821769714,-0.004862370900809765,0.0
59109,0.2727523744106293,-0.005107441917061806,0.0
59110,0.27277952432632446,-0.00527999410405755,0.0
59111,0.27269530296325684,-0.005488409660756588,0.0
59112,0.27347826957702637,-0.005758827086538076,0.0
59113,0.2742585837841034,-0.005991396959871054,0.0
59114,0.27348217368125916,-0.006259536370635033,0.0
59115,0.2736574411392212,-0.00644893990829587,0.0
59116,0.2739920914173126,-0.00666872737929225,0.0
59117,0.27496224641799927,-0.006849492900073528,0.0
59118,0.2756284475326538,-0.007041605655103922,0.0
59119,0.27594494819641113,-0.007190200500190258,0.0
59120,0.2759403586387634,-0.0073558734729886055,0.0
59121,0.27584993839263916,-0.0074800606817007065,0.0
59122,0.27569907903671265,-0.00765402615070343,0.0
59123,0.2756534516811371,-0.007754568476229906,0.0
59124,0.2755237817764282,-0.00789770670235157,0.0
59125,0.2754216194152832,-0.008002136833965778,0.0
59126,0.27539628744125366,-0.008160941302776337,0.0
59127,0.27518782019615173,-0.00840502418577671,0.0
59128,0.2752888798713684,-0.008427648805081844,0.0
59129,0.27527302503585815,-0.00849801953881979,0.0
59130,0.275285929441452,-0.00866615865379572,0.0
59131,0.2752836346626282,-0.008722168393433094,0.0
59132,0.27527469396591187,-0.008862773887813091,0.0
59133,0.27528053522109985,-0.008887266740202904,0.0
59134,0.2753083109855652,-0.009064109064638615,0.0
59135,0.2760182023048401,-0.009233017452061176,0.0
59136,0.2759614586830139,-0.009230305440723896,0.0
59137,0.2760363221168518,-0.00941751804202795,0.0
59138,0.276054322719574,-0.009401478804647923,0.0
59139,0.27629250288009644,-0.00940527394413948,0.0
59140,0.27686718106269836,-0.009514234028756618,0.0
59141,0.2770414352416992,-0.00958729162812233,0.0
59142,0.27728962898254395,-0.009669575840234756,0.0
59143,0.276902973651886,-0.00982908345758915,0.0
59144,0.276902973651886,-0.009833593852818012,0.0
59145,0.2771042287349701,-0.009732440114021301,0.0
59146,0.27698880434036255,-0.009769771248102188,0.0
59147,0.27695709466934204,-0.009811374358832836,0.0
59148,0.27702003717422485,-0.009864156134426594,0.0
59149,0.2794935703277588,-0.009708510711789131,0.0
59150,0.2775147557258606,-0.009821551851928234,0.0
59151,0.2782450318336487,-0.00991627387702465,0.0
59152,0.2782450318336487,-0.009920804761350155,0.0
59153,0.28004390001296997,-0.009851766750216484,0.0
59154,0.2801109254360199,-0.009919756092131138,0.0
59155,0.27982449531555176,-0.009787543676793575,0.0
59156,0.2799232602119446,-0.009816689416766167,0.0
59157,0.27991294860839844,-0.010000912472605705,0.0
59158,0.27946382761001587,-0.00984127912670374,0.0
59159,0.27897125482559204,-0.009996534325182438,0.0
59160,0.2785932719707489,-0.00980148185044527,0.0
59161,0.2783684730529785,-0.009799090214073658,0.0
59163,0.27801257371902466,-0.009946957230567932,0.0
59164,0.27801257371902466,-0.009952603839337826,0.0
59165,0.2778717875480652,-0.009939463809132576,0.0
59166,0.27770310640335083,-0.009872610680758953,0.0
59167,0.2776465117931366,-0.00992757547646761,0.0
59168,0.27759814262390137,-0.009989487007260323,0.0
59169,0.2775987982749939,-0.010091186501085758,0.0
59170,0.27759307622909546,-0.010190346278250217,0.0
59171,0.2776084244251251,-0.010245559737086296,0.0
59172,0.2776242792606354,-0.010380234569311142,0.0
59173,0.2776259183883667,-0.010518652386963367,0.0
59174,0.2776396572589874,-0.010672561824321747,0.0
59175,0.277702271938324,-0.010852421633899212,0.0
59176,0.2776736617088318,-0.011017205193638802,0.0
59177,0.27769196033477783,-0.011208351701498032,0.0
59178,0.2776998281478882,-0.011427156627178192,0.0
59179,0.2777285873889923,-0.01165412925183773,0.0
59181,0.2777707576751709,-0.012133380398154259,0.0
59182,0.2777707576751709,-0.012138823047280312,0.0
59183,0.2777707576751709,-0.012145626358687878,0.0
59184,0.2777608036994934,-0.012389864772558212,0.0
59185,0.27785414457321167,-0.013222243636846542,0.0
59186,0.27788209915161133,-0.013647534884512424,0.0
59187,0.2779288589954376,-0.013992609456181526,0.0
59188,0.27796319127082825,-0.014337955974042416,0.0
59189,0.2779674530029297,-0.014678671024739742,0.0
59190,0.2779906392097473,-0.015037203207612038,0.0
59191,0.278001606464386,-0.015397540293633938,0.0
59192,0.27798739075660706,-0.015752630308270454,0.0
59193,0.2779911458492279,-0.016122546046972275,0.0
59194,0.27801910042762756,-0.016528308391571045,0.0
59195,0.2780853509902954,-0.017783597111701965,0.0
59196,0.2780323624610901,-0.016927355900406837,0.0
59197,0.27819448709487915,-0.018956363201141357,0.0
59198,0.2781333923339844,-0.018443932756781578,0.0
59199,0.27815136313438416,-0.01889805682003498,0.0
59200,0.2781883180141449,-0.01934642717242241,0.0
59201,0.27821236848831177,-0.019810553640127182,0.0
59202,0.278251588344574,-0.020582465454936028,0.0
59203,0.2782531976699829,-0.021054642274975777,0.0
59204,0.2783636450767517,-0.02262376807630062,0.0
59205,0.27829572558403015,-0.022041605785489082,0.0
59206,0.2783266305923462,-0.02255125343799591,0.0
59207,0.2783607840538025,-0.02304038219153881,0.0
59208,0.2783871293067932,-0.023552261292934418,0.0
59209,0.27840691804885864,-0.024063801392912865,0.0
59210,0.2784247100353241,-0.02457505092024803,0.0
59211,0.2784569263458252,-0.025104230269789696,0.0
59212,0.2784852087497711,-0.02602371759712696,0.0
59213,0.27851641178131104,-0.026571428403258324,0.0
59214,0.2785337567329407,-0.027111921459436417,0.0
59215,0.2785736322402954,-0.027658838778734207,0.0
59216,0.2785988450050354,-0.028198370710015297,0.0
59217,0.27863216400146484,-0.028738781809806824,0.0
59218,0.27866142988204956,-0.02927674539387226,0.0
59219,0.278687447309494,-0.029814405366778374,0.0
59220,0.2787080407142639,-0.030347470194101334,0.0
59221,0.27872079610824585,-0.030881302431225777,0.0
59222,0.2787421941757202,-0.031422462314367294,0.0
59223,0.2787421941757202,-0.03142937645316124,0.0
59224,0.27878063917160034,-0.032476551830768585,0.0
59226,0.2788247764110565,-0.03403836116194725,0.0
59227,0.27897101640701294,-0.035716235637664795,0.0
59228,0.27885401248931885,-0.034588441252708435,0.0
59229,0.2789243459701538,-0.035610225051641464,0.0
59230,0.2789919972419739,-0.036091066896915436,0.0
59232,0.2790207862854004,-0.037059277296066284,0.0
59233,0.2790207862854004,-0.03708367794752121,0.0
59234,0.2790369689464569,-0.0375727079808712,0.0
59235,0.27907443046569824,-0.03851836919784546,0.0
59237,0.2791084051132202,-0.04001713544130325,0.0
59238,0.2791355550289154,-0.040486544370651245,0.0
59239,0.2791355550289154,-0.04055304825305939,0.0
59240,0.2791893482208252,-0.0414469875395298,0.0
59241,0.2793198227882385,-0.04270246997475624,0.0
59242,0.27934741973876953,-0.043121710419654846,0.0
59243,0.2791838049888611,-0.04402478039264679,0.0
59244,0.27919915318489075,-0.044385816901922226,0.0
59245,0.2792351245880127,-0.04474537819623947,0.0
59246,0.27927157282829285,-0.04507513344287872,0.0
59247,0.27937638759613037,-0.045438237488269806,0.0
59248,0.2794339060783386,-0.04579076170921326,0.0
59249,0.27946728467941284,-0.04612894728779793,0.0
59250,0.27958500385284424,-0.04717427119612694,0.0
59251,0.2795047163963318,-0.04679792374372482,0.0
59252,0.27952155470848083,-0.04715074598789215,0.0
59253,0.2795468866825104,-0.04742218554019928,0.0
59254,0.2795359492301941,-0.047959815710783005,0.0
59256,0.2795366048812866,-0.04823177680373192,0.0
59257,0.2795366048812866,-0.04825274273753166,0.0
59258,0.2795622646808624,-0.049082230776548386,0.0
59259,0.27956485748291016,-0.049306321889162064,0.0
59260,0.279565691947937,-0.04949834942817688,0.0
59261,0.2794998288154602,-0.05009515956044197,0.0
59262,0.27950960397720337,-0.0503159761428833,0.0
59263,0.2794922888278961,-0.0504520945250988,0.0
59264,0.27956992387771606,-0.0509767048060894,0.0
59265,0.2795217037200928,-0.051481448113918304,0.0
59266,0.2795383930206299,-0.051030829548835754,0.0
59267,0.2795586585998535,-0.05123070254921913,0.0
59268,0.2796028256416321,-0.05368983745574951,0.0
59270,0.27963125705718994,-0.052450962364673615,0.0
59273,0.27963125705718994,-0.05247929319739342,0.0
59274,0.27963125705718994,-0.05250196158885956,0.0
59275,0.27963125705718994,-0.05253029614686966,0.0
59276,0.27942875027656555,-0.05272012948989868,0.0
59277,0.27954575419425964,-0.052846089005470276,0.0
59278,0.2794273793697357,-0.05337594822049141,0.0
59279,0.279450923204422,-0.053426001220941544,0.0
59280,0.2799237370491028,-0.05382920056581497,0.0
59281,0.280884712934494,-0.05357052758336067,0.0
59282,0.28103888034820557,-0.05425139144062996,0.0
59283,0.2808820903301239,-0.054282765835523605,0.0
59284,0.2807292342185974,-0.05431414768099785,0.0
59285,0.2805520296096802,-0.05436430871486664,0.0
59286,0.2803996205329895,-0.054405830800533295,0.0
59287,0.28007757663726807,-0.05456148087978363,0.0
59289,0.28007757663726807,-0.054579030722379684,0.0
59290,0.2799636125564575,-0.054638925939798355,0.0
59291,0.2799636125564575,-0.054674047976732254,0.0
59292,0.2797285318374634,-0.05469688028097153,0.0
59293,0.2797239422798157,-0.0545055978000164,0.0
59294,0.279727041721344,-0.05513353273272514,0.0
59295,0.27975550293922424,-0.055067505687475204,0.0
59296,0.27976661920547485,-0.05502558499574661,0.0
59297,0.2797558307647705,-0.05501314625144005,0.0
59298,0.27970874309539795,-0.05501994118094444,0.0
59299,0.2796897888183594,-0.05498919263482094,0.0
59300,0.2799750566482544,-0.0554300919175148,0.0
59301,0.2800399661064148,-0.05537056550383568,0.0
59302,0.27991342544555664,-0.055372703820466995,0.0
59303,0.279832661151886,-0.055365171283483505,0.0
59304,0.2797321081161499,-0.05539031699299812,0.0
59305,0.2798367142677307,-0.05497482046484947,0.0
59306,0.28001365065574646,-0.0550713948905468,0.0
59307,0.2804540991783142,-0.055582527071237564,0.0
59308,0.2820153832435608,-0.055279336869716644,0.0
59309,0.28397852182388306,-0.055704694241285324,0.0
59310,0.28175216913223267,-0.05576968565583229,0.0
59311,0.2814907431602478,-0.05576275289058685,0.0
59312,0.28136715292930603,-0.05562806874513626,0.0
59313,0.28100407123565674,-0.055619969964027405,0.0
59314,0.2809138000011444,-0.055470097810029984,0.0
59315,0.280588299036026,-0.05546078085899353,0.0
59316,0.2798599600791931,-0.055681660771369934,0.0
59317,0.2797146439552307,-0.05562734976410866,0.0
59318,0.27963370084762573,-0.05569932982325554,0.0
59319,0.2795228660106659,-0.05566482990980148,0.0
59320,0.2845028340816498,-0.055559925734996796,0.0
59321,0.28242915868759155,-0.05548613891005516,0.0
59322,0.2821476459503174,-0.055434294044971466,0.0
59323,0.28168153762817383,-0.05540386959910393,0.0
59324,0.28128737211227417,-0.0553535595536232,0.0
59325,0.2809649705886841,-0.05596109852194786,0.0
59326,0.2806607484817505,-0.055912137031555176,0.0
59327,0.28040289878845215,-0.055860985070466995,0.0
59328,0.2802271544933319,-0.05579089745879173,0.0
59329,0.28028666973114014,-0.05557062849402428,0.0
59330,0.2817806005477905,-0.05579499527812004,0.0
59331,0.2817806005477905,-0.055818356573581696,0.0
59332,0.28129422664642334,-0.055363550782203674,0.0
59333,0.2819470465183258,-0.0553298220038414,0.0
59334,0.2818443775177002,-0.05586099624633789,0.0
59335,0.28149253129959106,-0.0557742640376091,0.0
59336,0.28110361099243164,-0.055701591074466705,0.0
59337,0.2807964086532593,-0.05563352257013321,0.0
59338,0.2805554270744324,-0.05554018169641495,0.0
59339,0.28022289276123047,-0.05551385134458542,0.0
59340,0.28022289276123047,-0.05553697794675827,0.0
59341,0.27987468242645264,-0.05529968813061714,0.0
59342,0.27966296672821045,-0.05526367574930191,0.0
59343,0.279498815536499,-0.05521996319293976,0.0
59344,0.27939125895500183,-0.0551254041492939,0.0
59345,0.2792784571647644,-0.05573530122637749,0.0
59346,0.2792784571647644,-0.055741094052791595,0.0
59347,0.279124915599823,-0.055583272129297256,0.0
59348,0.279100239276886,-0.05550157651305199,0.0
59349,0.27912527322769165,-0.05537259206175804,0.0
59350,0.27916157245635986,-0.05524835363030434,0.0
59351,0.27901995182037354,-0.055248524993658066,0.0
59352,0.279047429561615,-0.05510667711496353,0.0
59353,0.27906233072280884,-0.05568293109536171,0.0
59354,0.27903634309768677,-0.05561690405011177,0.0
59355,0.27895259857177734,-0.055593766272068024,0.0
59356,0.2789302170276642,-0.05553841218352318,0.0
59357,0.27885109186172485,-0.055556368082761765,0.0
59358,0.27879810333251953,-0.05555570498108864,0.0
59359,0.2787752151489258,-0.055503521114587784,0.0
59360,0.2787708044052124,-0.0554010234773159,0.0
59361,0.27891451120376587,-0.055028900504112244,0.0
59362,0.27896028757095337,-0.055624134838581085,0.0
59363,0.2790471315383911,-0.05550803244113922,0.0
59364,0.27976760268211365,-0.055158551782369614,0.0
59365,0.28140395879745483,-0.05551876872777939,0.0
59366,0.2862505316734314,-0.05504714325070381,0.0
59367,0.2846735119819641,-0.055550940334796906,0.0
59368,0.2851780354976654,-0.05534921586513519,0.0
59369,0.28545284271240234,-0.05514010787010193,0.0
59370,0.28475409746170044,-0.05500170588493347,0.0
59371,0.28329288959503174,-0.05501563102006912,0.0
59372,0.2825274169445038,-0.05502311512827873,0.0
59373,0.281893253326416,-0.05500670149922371,0.0
59374,0.2813560366630554,-0.05494951829314232,0.0
59375,0.28090137243270874,-0.054887425154447556,0.0
59376,0.27889949083328247,-0.05488521605730057,0.0
59377,0.28016340732574463,-0.05487697198987007,0.0
59378,0.2787271738052368,-0.05678311362862587,0.0
59379,0.279876172542572,-0.05550280213356018,0.0
59380,0.2787029445171356,-0.05517124757170677,0.0
59381,0.27916255593299866,-0.05481647700071335,0.0
59382,0.2792658507823944,-0.05508938804268837,0.0
59383,0.27912312746047974,-0.05507019907236099,0.0
59384,0.2790423631668091,-0.05494312569499016,0.0
59385,0.27898335456848145,-0.054871030151844025,0.0
59386,0.27894479036331177,-0.054789427667856216,0.0
59387,0.2788780629634857,-0.05543649569153786,0.0
59388,0.27881380915641785,-0.0554281584918499,0.0
59389,0.2787551283836365,-0.055440712720155716,0.0
59390,0.2787359952926636,-0.05542267858982086,0.0
59392,0.278869092464447,-0.054998405277729034,0.0
59393,0.278869092464447,-0.055020660161972046,0.0
59394,0.2791924476623535,-0.05542031675577164,0.0
59395,0.28001266717910767,-0.054910387843847275,0.0
59397,0.28023239970207214,-0.05476246774196625,0.0
59398,0.27845528721809387,-0.05460340157151222,0.0
59399,0.2796657681465149,-0.05471426993608475,0.0
59400,0.27946171164512634,-0.05472211912274361,0.0
59401,0.2793172001838684,-0.055386703461408615,0.0
59402,0.279238224029541,-0.05533754453063011,0.0
59403,0.27927321195602417,-0.055172935128211975,0.0
59404,0.2795616090297699,-0.05493504926562309,0.0
59405,0.28142061829566956,-0.05515993386507034,0.0
59406,0.28107354044914246,-0.055064745247364044,0.0
59407,0.2821708619594574,-0.05479925498366356,0.0
59408,0.2819918394088745,-0.05536729097366333,0.0
59409,0.28145545721054077,-0.05530097335577011,0.0
59410,0.28114596009254456,-0.055225126445293427,0.0
59411,0.28081145882606506,-0.05516961216926575,0.0
59412,0.28056883811950684,-0.05508239194750786,0.0
59413,0.28031641244888306,-0.05501013249158859,0.0
59414,0.2800752818584442,-0.05494895949959755,0.0
59415,0.2798236608505249,-0.054928652942180634,0.0
59416,0.27960658073425293,-0.05491797626018524,0.0
59417,0.27946823835372925,-0.05482732504606247,0.0
59418,0.2793273329734802,-0.054792411625385284,0.0
59419,0.27922841906547546,-0.054713379591703415,0.0
59420,0.2791975140571594,-0.055245984345674515,0.0
59421,0.2790929079055786,-0.055225618183612823,0.0
59422,0.2786678373813629,-0.055079635232686996,0.0
59423,0.2789498567581177,-0.05517195165157318,0.0
59424,0.2789006233215332,-0.05513501539826393,0.0
59425,0.27885663509368896,-0.05508730560541153,0.0
59426,0.2789669930934906,-0.05446242541074753,0.0
59427,0.27866214513778687,-0.054766010493040085,0.0
59428,0.2788354158401489,-0.05490768700838089,0.0
59429,0.2788112163543701,-0.05471213161945343,0.0
59430,0.27880874276161194,-0.05444687604904175,0.0
59431,0.27877557277679443,-0.05465255677700043,0.0
59432,0.2786104679107666,-0.054603323340415955,0.0
59433,0.27871784567832947,-0.055303219705820084,0.0
59434,0.2787131071090698,-0.055269431322813034,0.0
59435,0.699999988079071,-0.05524463579058647,0.0
59436,0.699999988079071,-0.055206939578056335,0.0
59437,0.699999988079071,-0.05510634928941727,0.0
59438,0.699999988079071,-0.05512714013457298,0.0
59439,0.699999988079071,-0.05513765290379524,0.0
59440,0.699999988079071,-0.055074721574783325,0.0
59441,0.699999988079071,-0.054966144263744354,0.0
59442,0.699999988079071,-0.054925043135881424,0.0
59443,0.699999988079071,-0.054885607212781906,0.0
59444,0.699999988079071,-0.05451807379722595,0.0
59445,0.699999988079071,-0.05533992871642113,0.0
59447,0.699999988079071,-0.05529043450951576,0.0
59448,0.699999988079071,-0.05526450648903847,0.0
59449,0.699999988079071,-0.055034052580595016,0.0
59450,0.699999988079071,-0.054974112659692764,0.0
59451,0.699999988079071,-0.054910916835069656,0.0
59452,0.699999988079071,-0.05547768622636795,0.0
59453,0.699999988079071,-0.055406566709280014,0.0
59454,0.699999988079071,-0.05538592487573624,0.0
59455,0.699999988079071,-0.05537981167435646,0.0
59456,0.699999988079071,-0.05537254735827446,0.0
59457,0.699999988079071,-0.0553739108145237,0.0
59458,0.699999988079071,-0.05535106360912323,0.0
59459,0.699999988079071,-0.05525093153119087,0.0
59460,0.699999988079071,-0.05519101396203041,0.0
59461,0.699999988079071,-0.055821117013692856,0.0
59462,0.699999988079071,-0.055774904787540436,0.0
59463,0.699999988079071,-0.05547546595335007,0.0
59464,0.699999988079071,-0.0555439218878746,0.0
59465,0.699999988079071,-0.05546209588646889,0.0
59466,0.699999988079071,-0.055868446826934814,0.0
59467,0.699999988079071,-0.05582103878259659,0.0
59468,0.699999988079071,-0.055801041424274445,0.0
59469,0.699999988079071,-0.08565365523099899,0.0
59470,0.699999988079071,-0.06497307866811752,0.0
59471,0.699999988079071,-0.06488888710737228,0.0
59472,0.699999988079071,-0.06547380238771439,0.0
59473,0.699999988079071,-0.0644717812538147,0.0
59475,0.699999988079071,-0.06488245725631714,0.0
59476,0.699999988079071,-0.06490813940763474,0.0
59477,0.699999988079071,-0.06494024395942688,0.0
59478,0.699999988079071,-0.061661943793296814,0.0
59479,0.699999988079071,-0.06355737149715424,0.0
59480,0.699999988079071,-0.06051243096590042,0.0
59481,0.699999988079071,-0.06305960565805435,0.0
59482,0.699999988079071,-0.06253036856651306,0.0
59483,0.699999988079071,-0.06299114227294922,0.0
59484,0.699999988079071,-0.06263649463653564,0.0
59485,0.699999988079071,-0.062235042452812195,0.0
59486,0.699999988079071,-0.06295070797204971,0.0
59487,0.699999988079071,-0.062401484698057175,0.0
59488,0.699999988079071,-0.0629638135433197,0.0
59489,0.699999988079071,-0.06267155706882477,0.0
59490,0.699999988079071,-0.06268994510173798,0.0
59491,0.699999988079071,-0.06270765513181686,0.0
59492,0.699999988079071,-0.062095798552036285,0.0
59493,0.699999988079071,-0.062107909470796585,0.0
59494,0.699999988079071,-0.062113963067531586,0.0
59495,0.699999988079071,-0.06212124601006508,0.0
59496,0.699999988079071,-0.06276808679103851,0.0
59497,0.699999988079071,-0.07517530769109726,0.0
59498,0.699999988079071,-0.07458433508872986,0.0
59499,0.699999988079071,-0.0754784420132637,0.0
59500,0.699999988079071,-0.0746815949678421,0.0
59501,0.699999988079071,-0.07410655170679092,0.0
59502,0.699999988079071,-0.07557028532028198,0.0
59503,0.699999988079071,-0.07210569083690643,0.0
59504,0.699999988079071,-0.07342501729726791,0.0
59506,0.699999988079071,-0.07232215255498886,0.0
59507,0.699999988079071,-0.0723578929901123,0.0
59508,0.699999988079071,-0.07239364087581635,0.0
59509,0.699999988079071,-0.07062073051929474,0.0
59510,0.699999988079071,-0.06995687633752823,0.0
59511,0.699999988079071,-0.06931383162736893,0.0
59512,0.699999988079071,-0.0683029517531395,0.0
59513,0.699999988079071,-0.06843455135822296,0.0
59514,0.699999988079071,-0.06750141084194183,0.0
59515,0.699999988079071,-0.06786632537841797,0.0
59516,0.699999988079071,-0.06672476977109909,0.0
59517,0.699999988079071,-0.06702658534049988,0.0
59518,0.699999988079071,-0.06591244041919708,0.0
59520,0.699999988079071,-0.06613746285438538,0.0
59521,0.699999988079071,-0.06659020483493805,0.0
59523,0.699999988079071,-0.06437776982784271,0.0
59524,0.699999988079071,-0.06617283076047897,0.0
59525,0.699999988079071,-0.06606843322515488,0.0
59526,0.699999988079071,-0.06524606049060822,0.0
59527,0.699999988079071,-0.0653517097234726,0.0
59528,0.699999988079071,-0.07940525561571121,0.0
59529,0.699999988079071,-0.07990138977766037,0.0
59530,0.699999988079071,-0.07996784895658493,0.0
59531,0.699999988079071,-0.07873260974884033,0.0
59532,0.699999988079071,-0.07802149653434753,0.0
59533,0.699999988079071,-0.07651332020759583,0.0
59534,0.699999988079071,-0.07556169480085373,0.0
59535,0.699999988079071,-0.07409539818763733,0.0
59536,0.699999988079071,-0.07261195778846741,0.0
59537,0.699999988079071,-0.0718594491481781,0.0
59538,0.699999988079071,-0.07036954909563065,0.0
59539,0.699999988079071,-0.06979616731405258,0.0
59540,0.699999988079071,-0.0700317919254303,0.0
59541,0.699999988079071,-0.0682898536324501,0.0
59542,0.699999988079071,-0.06799795478582382,0.0
59543,0.699999988079071,-0.06788241863250732,0.0
59544,0.699999988079071,-0.06777163594961166,0.0
59545,0.699999988079071,-0.06756741553544998,0.0
59546,0.699999988079071,-0.06759969145059586,0.0
59547,0.699999988079071,-0.06687099486589432,0.0
59548,0.699999988079071,-0.06467696279287338,0.0
59549,0.699999988079071,-0.06737132370471954,0.0
59550,0.699999988079071,-0.06728271394968033,0.0
59551,0.699999988079071,-0.06722298264503479,0.0
59552,0.699999988079071,-0.06741219013929367,0.0
59553,0.699999988079071,-0.06749791651964188,0.0
59554,0.699999988079071,-0.06745217740535736,0.0
59555,0.699999988079071,-0.0822552740573883,0.0
59556,0.699999988079071,-0.08290398865938187,0.0
59557,0.699999988079071,-0.0827084630727768,0.0
59558,0.699999988079071,-0.08255037665367126,0.0
59560,0.699999988079071,-0.08184041827917099,0.0
59561,0.699999988079071,-0.0782511979341507,0.0
59562,0.699999988079071,-0.07950033247470856,0.0
59563,0.699999988079071,-0.07743104547262192,0.0
59564,0.699999988079071,-0.07747594267129898,0.0
59565,0.699999988079071,-0.07322351634502411,0.0
59566,0.699999988079071,-0.07324875891208649,0.0
59567,0.699999988079071,-0.07327044755220413,0.0
59568,0.699999988079071,-0.07032527774572372,0.0
59569,0.699999988079071,-0.07074505090713501,0.0
59570,0.699999988079071,-0.07097741961479187,0.0
59571,0.699999988079071,-0.07034194469451904,0.0
59572,0.699999988079071,-0.06956779211759567,0.0
59573,0.699999988079071,-0.0690157487988472,0.0
59574,0.699999988079071,-0.06832439452409744,0.0
59575,0.699999988079071,-0.06800290197134018,0.0
59576,0.699999988079071,-0.06863372027873993,0.0
59577,0.699999988079071,-0.06818506121635437,0.0
59578,0.699999988079071,-0.06756699830293655,0.0
59579,0.699999988079071,-0.06641992181539536,0.0
59580,0.699999988079071,-0.06656787544488907,0.0
59581,0.699999988079071,-0.06537508964538574,0.0
59582,0.699999988079071,-0.06583727151155472,0.0
59583,0.699999988079071,-0.06694809347391129,0.0
59584,0.699999988079071,-0.06661514192819595,0.0
59585,0.699999988079071,-0.11605629324913025,0.0
59586,0.699999988079071,-0.08314899355173111,0.0
59587,0.699999988079071,-0.08305180072784424,0.0
59588,0.699999988079071,-0.08200077712535858,0.0
59589,0.699999988079071,-0.08033916354179382,0.0
59590,0.699999988079071,-0.07999756932258606,0.0
59591,0.699999988079071,-0.07843653857707977,0.0
59592,0.699999988079071,-0.07839613407850266,0.0
59593,0.699999988079071,-0.07689698785543442,0.0
59594,0.699999988079071,-0.07532418519258499,0.0
59595,0.699999988079071,-0.07529434561729431,0.0
59596,0.699999988079071,-0.0733267292380333,0.0
59597,0.699999988079071,-0.0728755071759224,0.0
59598,0.699999988079071,-0.07139582931995392,0.0
59599,0.699999988079071,-0.07179439812898636,0.0
59600,0.699999988079071,-0.07026375830173492,0.0
59601,0.699999988079071,-0.07104147970676422,0.0
59602,0.699999988079071,-0.06907113641500473,0.0
59603,0.699999988079071,-0.06900057941675186,0.0
59604,0.699999988079071,-0.06861082464456558,0.0
59605,0.699999988079071,-0.0688662901520729,0.0
59606,0.699999988079071,-0.06798595935106277,0.0
59607,0.699999988079071,-0.06835713982582092,0.0
59608,0.699999988079071,-0.06487206369638443,0.0
59609,0.699999988079071,-0.06844092160463333,0.0
59610,0.699999988079071,-0.06771746277809143,0.0
59611,0.699999988079071,-0.06664346158504486,0.0
59612,0.699999988079071,-0.06602448970079422,0.0
59613,0.699999988079071,-0.06498077511787415,0.0
59614,0.699999988079071,-0.0638323649764061,0.0
59615,0.699999988079071,-0.07281984388828278,0.0
59616,0.699999988079071,-0.07155662775039673,0.0
59617,0.699999988079071,-0.07076200097799301,0.0
59618,0.699999988079071,-0.0689491555094719,0.0
59619,0.699999988079071,-0.06546024233102798,0.0
59620,0.699999988079071,-0.05662906914949417,0.0
59621,0.699999988079071,-0.060139987617731094,0.0
59622,0.699999988079071,-0.0573514960706234,0.0
59623,0.699999988079071,-0.054866399616003036,0.0
59624,0.699999988079071,-0.05264376103878021,0.0
59625,0.699999988079071,-0.05011005699634552,0.0
59626,0.699999988079071,-0.04792553558945656,0.0
59627,0.699999988079071,-0.04577721655368805,0.0
59628,0.699999988079071,-0.04390740394592285,0.0
59629,0.699999988079071,-0.04167220741510391,0.0
59630,0.699999988079071,-0.039961446076631546,0.0
59631,0.699999988079071,-0.03862430155277252,0.0
59632,0.699999988079071,-0.037192776799201965,0.0
59633,0.699999988079071,-0.03578285127878189,0.0
59634,0.699999988079071,-0.0343041867017746,0.0
59635,0.699999988079071,-0.03297297656536102,0.0
59636,0.699999988079071,-0.03148059546947479,0.0
59637,0.6988184452056885,-0.030155429616570473,0.0
59638,0.6947555541992188,-0.029210910201072693,0.0
59639,0.6709268093109131,-0.025161173194646835,0.0
59640,0.683466374874115,-0.026550516486167908,0.0
59641,0.679259717464447,-0.02561364695429802,0.0
59642,0.674193799495697,-0.02522967755794525,0.0
59643,0.6702496409416199,-0.024421321228146553,0.0
59644,0.6667868494987488,-0.0237109512090683,0.0
59645,0.6634464859962463,-0.023040346801280975,0.0
59646,0.6600854992866516,-0.022382337599992752,0.0
59647,0.656647264957428,-0.02172287553548813,0.0
59648,0.6534214615821838,-0.0211242213845253,0.0
59649,0.6501046419143677,-0.02052449807524681,0.0
59650,0.646911084651947,-0.019974883645772934,0.0
59651,0.6436330676078796,-0.019409269094467163,0.0
59652,0.6404868364334106,-0.0188848115503788,0.0
59653,0.6374165415763855,-0.018388332799077034,0.0
59654,0.6342653632164001,-0.01789674162864685,0.0
59655,0.6305991411209106,-0.017334086820483208,0.0
59656,0.6274089217185974,-0.016865376383066177,0.0
59657,0.6243837475776672,-0.01643345318734646,0.0
59658,0.6211050748825073,-0.015987824648618698,0.0
59659,0.6181760430335999,-0.015596595592796803,0.0
59660,0.6154362559318542,-0.015252124518156052,0.0
59661,0.612837553024292,-0.014942309819161892,0.0
59662,0.6099430918693542,-0.014609131962060928,0.0
59663,0.6072855591773987,-0.014320421032607555,0.0
59664,0.6044061779975891,-0.014034529216587543,0.0
59665,0.6016154885292053,-0.013766814954578876,0.0
59666,0.5989260077476501,-0.013537292368710041,0.0
59667,0.5864176750183105,-0.01291219238191843,0.0
59668,0.594039797782898,-0.013185407966375351,0.0
59669,0.5915893912315369,-0.013045725412666798,0.0
59670,0.589120626449585,-0.012927909381687641,0.0
59671,0.5864737629890442,-0.012837378308176994,0.0
59672,0.5842680931091309,-0.012793474830687046,0.0
59673,0.5820999145507812,-0.012621782720088959,0.0
59674,0.5800223350524902,-0.012598639354109764,0.0
59675,0.5780414342880249,-0.012543827295303345,0.0
59676,0.575683057308197,-0.012423992156982422,0.0
59677,0.5738136172294617,-0.012290711514651775,0.0
59678,0.5718370676040649,-0.012099983170628548,0.0
59679,0.5699689984321594,-0.0118721229955554,0.0
59680,0.568446159362793,-0.011640679091215134,0.0
59681,0.5667703747749329,-0.011345872655510902,0.0
59682,0.5650366544723511,-0.010982174426317215,0.0
59683,0.5633316040039062,-0.010549349710345268,0.0
59684,0.5618884563446045,-0.010154486633837223,0.0
59685,0.5603579878807068,-0.009685882367193699,0.0
59686,0.558788537979126,-0.009148867800831795,0.0
59687,0.5573546290397644,-0.008606691844761372,0.0
59688,0.5556145906448364,-0.007875245064496994,0.0
59689,0.5540999174118042,-0.007178111933171749,0.0
59690,0.5527803897857666,-0.006523989140987396,0.0
59691,0.5514920949935913,-0.005844395607709885,0.0
59692,0.5502523183822632,-0.005142400041222572,0.0
59693,0.5485633611679077,-0.004139287397265434,0.0
59694,0.5472629070281982,-0.0033264420926570892,0.0
59695,0.5459989309310913,-0.002503989264369011,0.0
59696,0.5447577238082886,-0.001673961989581585,0.0
59697,0.5435896515846252,-0.0008794302120804787,0.0
59698,0.542479395866394,-0.00011913012713193893,0.0
59699,0.5414074659347534,0.0006582671776413918,0.0
59700,0.5403683185577393,0.0013642627745866776,0.0
59701,0.5393441319465637,0.002055746503174305,0.0
59702,0.5383206009864807,0.002792712301015854,0.0
59703,0.5365729331970215,0.0039086174219846725,0.0
59704,0.5355051159858704,0.004603799432516098,0.0
59705,0.5342090129852295,0.005323907360434532,0.0
59706,0.5326569676399231,0.0062079112976789474,0.0
59707,0.5314762592315674,0.006806377321481705,0.0
59708,0.5304070711135864,0.007259993813931942,0.0
59709,0.5294871926307678,0.007638887502253056,0.0
59710,0.5284972190856934,0.007911384105682373,0.0
59711,0.5276999473571777,0.008093070238828659,0.0
59712,0.5269733667373657,0.008179607801139355,0.0
59713,0.5262364745140076,0.008379566483199596,0.0
59714,0.525501549243927,0.008418438956141472,0.0
59715,0.5247958302497864,0.008406173437833786,0.0
59716,0.5239852070808411,0.008451314643025398,0.0
59717,0.5232952833175659,0.008384610526263714,0.0
59718,0.5225968360900879,0.008296294137835503,0.0
59719,0.5219389796257019,0.008166742511093616,0.0
59720,0.5213626027107239,0.007965845987200737,0.0
59721,0.5208041667938232,0.007901428267359734,0.0
59722,0.520186722278595,0.0077184587717056274,0.0
59723,0.519641637802124,0.0074795885011553764,0.0
59724,0.5190061330795288,0.007307051680982113,0.0
59725,0.5184422135353088,0.007081230171024799,0.0
59726,0.5179410576820374,0.00680965930223465,0.0
59727,0.5174432992935181,0.0067150043323636055,0.0
59728,0.5169810652732849,0.006419100798666477,0.0
59729,0.5164409875869751,0.006205457262694836,0.0
59731,0.5155154466629028,0.005852369591593742,0.0
59732,0.5150523781776428,0.005604973062872887,0.0
59733,0.5150523781776428,0.005624677985906601,0.0
59734,0.5140063762664795,0.00510531198233366,0.0
59735,0.5131997466087341,0.004748402163386345,0.0
59736,0.5126703381538391,0.004463803954422474,0.0
59737,0.5120582580566406,0.0041089486330747604,0.0
59738,0.5114673972129822,0.0038847876712679863,0.0
59739,0.5110504031181335,0.0035277772694826126,0.0
59740,0.5106434226036072,0.0033633066341280937,0.0
59741,0.5103098154067993,0.003301103599369526,0.0
59742,0.509931206703186,0.003145543858408928,0.0
59743,0.509624719619751,0.0029039746150374413,0.0
59744,0.5092703700065613,0.0027571870014071465,0.0
59745,0.5089443922042847,0.0025877896696329117,0.0
59746,0.5086304545402527,0.0025958744809031487,0.0
59747,0.5082560777664185,0.0023753196001052856,0.0
59748,0.5079089403152466,0.0023139622062444687,0.0
59749,0.5076001882553101,0.0022025583311915398,0.0
59750,0.5072656869888306,0.0019790278747677803,0.0
59751,0.5072656869888306,0.0019882768392562866,0.0
59752,0.506639301776886,0.001867608167231083,0.0
59753,0.506350040435791,0.0016143359243869781,0.0
59754,0.5060728788375854,0.001531016081571579,0.0
59755,0.5058181881904602,0.0014118114486336708,0.0
59756,0.5055617094039917,0.0014992868527770042,0.0
59757,0.5053499341011047,0.0013160454109311104,0.0
59758,0.5050517320632935,0.001193322241306305,0.0
59759,0.504837691783905,0.0012288345023989677,0.0
59760,0.5037902593612671,0.0007546413689851761,0.0
59761,0.5044049620628357,0.0010024411603808403,0.0
59762,0.5041731595993042,0.0009585721418261528,0.0
59763,0.5039754509925842,0.0008461112156510353,0.0
59764,0.5037928819656372,0.0008819056674838066,0.0
59765,0.5035951733589172,0.0008053379133343697,0.0
59766,0.5034253597259521,0.0008282102644443512,0.0
59767,0.5032193660736084,0.000805683434009552,0.0
59768,0.5030337572097778,0.0007335525006055832,0.0
59769,0.502866804599762,0.0006136037409305573,0.0
59770,0.5027061700820923,0.0006607770919799805,0.0
59771,0.5025423169136047,0.0005557825788855553,0.0
59772,0.5023543238639832,0.0005556223914027214,0.0
59773,0.5022087097167969,0.0005855094641447067,0.0
59774,0.50206059217453,0.0004665059968829155,0.0
59775,0.5019140839576721,0.0005258480086922646,0.0
59776,0.5017704367637634,0.00024285539984703064,0.0
59777,0.5016394257545471,0.00026930496096611023,0.0
59778,0.5015037655830383,0.00015329010784626007,0.0
59779,0.501347541809082,0.00030742399394512177,0.0
59780,0.5012126564979553,0.000392143614590168,0.0
59781,0.5010833740234375,0.0002938937395811081,0.0
59782,0.5009568333625793,0.0003694724291563034,0.0
59783,0.5008172988891602,0.00017782952636480331,0.0
59784,0.5006983280181885,7.224548608064651e-05,0.0
59785,0.5005741715431213,0.0001718122512102127,0.0
59786,0.5004575252532959,0.0002459762617945671,0.0
59787,0.5003442168235779,0.00015136972069740295,0.0
59788,0.5002350807189941,0.0002206815406680107,0.0
59789,0.5001286268234253,-5.0516799092292786e-05,0.0
59790,0.5000251531600952,8.479692041873932e-06,0.0
59791,0.4999241232872009,6.879586726427078e-05,0.0
59792,0.49982792139053345,0.00011841114610433578,0.0
59793,0.49971628189086914,9.806640446186066e-05,0.0
59794,0.49961549043655396,2.9949471354484558e-05,0.0
59795,0.4995170831680298,0.00012921728193759918,0.0
59796,0.49942660331726074,2.4829991161823273e-05,0.0
59797,0.49933141469955444,-3.7443824112415314e-05,0.0
59798,0.49924522638320923,2.4421140551567078e-05,0.0
59799,0.49916356801986694,6.442796438932419e-05,0.0
59800,0.4990714192390442,2.620648592710495e-05,0.0
59801,0.4989951252937317,5.494244396686554e-05,0.0
59802,0.4989049434661865,2.809148281812668e-05,0.0
59803,0.4988301992416382,-9.410269558429718e-05,0.0
59804,0.49875837564468384,-6.416160613298416e-05,0.0
59805,0.49868500232696533,-1.234840601682663e-05,0.0
59806,0.4986143708229065,-0.00012779701501131058,0.0
59807,0.4982384443283081,0.00015853065997362137,0.0
59808,0.49846595525741577,-0.000105319544672966,0.0
59809,0.4983975887298584,-3.497488796710968e-05,0.0
59810,0.4983975887298584,-2.7371570467948914e-05,0.0
59811,0.49824613332748413,-5.9159472584724426e-05,0.0
59813,0.4981166124343872,-4.887208342552185e-05,0.0
59814,0.4980672597885132,-0.00012107100337743759,0.0
59815,0.4980672597885132,-0.00011354684829711914,0.0
59816,0.4979965090751648,-0.00014090538024902344,0.0
59817,0.4979667663574219,-0.00016668252646923065,0.0
59818,0.4979392886161804,-6.188638508319855e-05,0.0
59819,0.49791431427001953,-0.00015990249812602997,0.0
59820,0.4978857636451721,-0.00015797093510627747,0.0
59821,0.49786221981048584,-8.681789040565491e-05,0.0
59822,0.4978393316268921,-2.5287270545959473e-05,0.0
59823,0.4978265166282654,-0.00012256857007741928,0.0
59824,0.4978112578392029,-4.3713487684726715e-05,0.0
59826,0.49789321422576904,-3.161188215017319e-05,0.0
59827,0.49812906980514526,-0.00020433496683835983,0.0
59828,0.4979403614997864,-7.29244202375412e-05,0.0
59829,0.49803948402404785,-0.00013008061796426773,0.0
59830,0.49808961153030396,-0.00013287831097841263,0.0
59831,0.49819856882095337,-1.5787780284881592e-05,0.0
59832,0.49827879667282104,-9.381771087646484e-05,0.0
59833,0.4984184503555298,-2.4120323359966278e-05,0.0
59834,0.4985450506210327,-2.9155053198337555e-05,0.0
59835,0.49866366386413574,-7.460732012987137e-05,0.0
59836,0.4987679719924927,-2.70819291472435e-05,0.0
59837,0.4988611340522766,-3.266148269176483e-05,0.0
59838,0.498965859413147,-0.00013376958668231964,0.0
59839,0.49906593561172485,-8.934736251831055e-05,0.0
59840,0.49917101860046387,-1.2164004147052765e-05,0.0
59841,0.49928390979766846,-0.0001047421246767044,0.0
59842,0.4994068741798401,-1.5974044799804688e-05,0.0
59843,0.4995983839035034,2.205371856689453e-06,0.0
59844,0.4998093843460083,-9.161327034235e-05,0.0
59845,0.4999879002571106,-0.00013375375419855118,0.0
59846,0.5001473426818848,-7.718335837125778e-05,0.0
59847,0.5003154277801514,-0.00014668889343738556,0.0
59848,0.5004767179489136,-7.043592631816864e-05,0.0
59849,0.5006402134895325,-0.00013550277799367905,0.0
59850,0.5007809996604919,-0.00011221785098314285,0.0
59851,0.5009485483169556,-3.134552389383316e-05,0.0
59852,0.5011177062988281,-0.00011587981134653091,0.0
59853,0.5012783408164978,-3.9847567677497864e-05,0.0
59854,0.5015043020248413,-8.237920701503754e-05,0.0
59855,0.5017531514167786,-7.035210728645325e-05,0.0
59856,0.5019543170928955,-1.6842037439346313e-05,0.0
59857,0.5021575093269348,-0.00011156313121318817,0.0
59858,0.5023618340492249,-3.593508154153824e-05,0.0
59859,0.5025716423988342,-0.0001013241708278656,0.0
59860,0.5027784109115601,-2.0815059542655945e-06,0.0
59861,0.5029536485671997,1.8172897398471832e-05,0.0
59862,0.5031841993331909,7.154420018196106e-06,0.0
59863,0.5033956170082092,-5.2941031754016876e-05,0.0
59864,0.5036520957946777,-5.6887976825237274e-05,0.0
59865,0.5039121508598328,-0.00011772755533456802,0.0
59866,0.5041831135749817,7.756054401397705e-06,0.0
59867,0.5044218897819519,-9.130686521530151e-05,0.0
59868,0.5046738982200623,3.8389116525650024e-06,0.0
59869,0.5049025416374207,-9.922683238983154e-05,0.0
59870,0.5051354765892029,-2.7956441044807434e-05,0.0
59871,0.5053750276565552,-9.202677756547928e-05,0.0
59872,0.5056289434432983,1.6518868505954742e-05,0.0
59873,0.5059842467308044,-0.0001161918044090271,0.0
59874,0.5062408447265625,-3.8255006074905396e-05,0.0
59875,0.5065249800682068,-0.00011253822594881058,0.0
59876,0.5068071484565735,-3.3534131944179535e-05,0.0
59877,0.5070939064025879,-9.668804705142975e-05,0.0
59878,0.5073809027671814,1.2116506695747375e-05,0.0
59879,0.507656991481781,-5.142670124769211e-05,0.0
59880,0.5079424381256104,-8.335337042808533e-05,0.0
59881,0.5081961750984192,-1.6693957149982452e-05,0.0
59882,0.5084846615791321,-5.142204463481903e-05,0.0
59883,0.5087440609931946,7.735565304756165e-06,0.0
59884,0.5089962482452393,-8.279457688331604e-05,0.0
59885,0.5092949867248535,-2.0441599190235138e-05,0.0
59886,0.5096072554588318,-8.6185522377491e-05,0.0
59887,0.5099025368690491,-2.3431144654750824e-05,0.0
59888,0.5101982951164246,-0.00010247435420751572,0.0
59890,0.5104735493659973,-4.8930756747722626e-05,0.0
59891,0.5122134685516357,-0.0001846691593527794,0.0
59892,0.5110577344894409,-1.8903985619544983e-05,0.0
59893,0.5116406083106995,1.997780054807663e-05,0.0
59894,0.5119110941886902,-8.185114711523056e-05,0.0
59895,0.5122130513191223,2.9267743229866028e-05,0.0
59896,0.5122130513191223,3.890879452228546e-05,0.0
59897,0.5129290819168091,-3.370456397533417e-05,0.0
59898,0.5134322047233582,-4.649162292480469e-06,0.0
59899,0.513717770576477,9.016040712594986e-05,0.0
59900,0.513994038105011,1.7034821212291718e-05,0.0
59901,0.5142447352409363,5.8040954172611237e-05,0.0
59902,0.5145021677017212,-3.468245267868042e-05,0.0
59903,0.514771044254303,3.7534162402153015e-05,0.0
59904,0.5150052905082703,5.786307156085968e-05,0.0
59905,0.5152686834335327,-2.3469328880310059e-07,0.0
59906,0.5155550241470337,9.471550583839417e-07,0.0
59907,0.5159522891044617,0.00010054279118776321,0.0
59908,0.5163929462432861,1.6750767827033997e-05,0.0
59909,0.516662061214447,2.800486981868744e-05,0.0
59910,0.5169553160667419,0.00010157283395528793,0.0
59911,0.5172319412231445,-1.3587996363639832e-06,0.0
59912,0.5174632668495178,-4.694424569606781e-05,0.0
59913,0.5176666378974915,3.6079436540603638e-06,0.0
59914,0.5178651809692383,5.204230546951294e-05,0.0
59915,0.5180568099021912,9.514577686786652e-05,0.0
59916,0.5182490944862366,-4.071742296218872e-06,0.0
59917,0.5184481143951416,7.815845310688019e-05,0.0
59918,0.5186164975166321,9.144097566604614e-05,0.0
59919,0.5188010931015015,1.8654391169548035e-06,0.0
59920,0.5188010931015015,7.766298949718475e-06,0.0
59921,0.5199468731880188,-0.00017722323536872864,0.0
59922,0.519378125667572,2.464279532432556e-05,0.0
59923,0.5195849537849426,5.1472336053848267e-05,0.0
59924,0.519788920879364,-6.388965994119644e-05,0.0
59925,0.5199533700942993,2.0944513380527496e-05,0.0
59926,0.5201163291931152,-4.571303725242615e-05,0.0
59927,0.5202643275260925,3.17208468914032e-06,0.0
59928,0.5204135179519653,-8.369516581296921e-05,0.0
59929,0.5205508470535278,-5.094893276691437e-05,0.0
59930,0.5207046270370483,5.052145570516586e-05,0.0
59931,0.5208479762077332,-2.515781670808792e-05,0.0
59932,0.5209868550300598,4.410743713378906e-05,0.0
59933,0.5211287140846252,-1.49458646774292e-05,0.0
59935,0.5213929414749146,-2.242065966129303e-05,0.0
59936,0.5213929414749146,-1.659151166677475e-05,0.0
59937,0.5215336084365845,-4.609581083059311e-05,0.0
59938,0.521789014339447,-2.9015354812145233e-05,0.0
59939,0.5219247937202454,-4.2516738176345825e-05,0.0
59940,0.5220509171485901,-8.269306272268295e-05,0.0
59941,0.5221493244171143,-8.879881352186203e-05,0.0
59942,0.522275984287262,4.415307193994522e-05,0.0
59943,0.5223702788352966,3.970600664615631e-05,0.0
59944,0.5224646329879761,4.39351424574852e-05,0.0
59945,0.5225615501403809,-8.339062333106995e-05,0.0
59946,0.5226525664329529,-7.985252887010574e-05,0.0
59947,0.5227383375167847,-9.29487869143486e-05,0.0
59948,0.5228335857391357,-4.917755722999573e-05,0.0
59949,0.5229164361953735,-5.780812352895737e-05,0.0
59950,0.5229164361953735,-5.203858017921448e-05,0.0
59951,0.5230934023857117,8.46758484840393e-06,0.0
59952,0.5232012867927551,1.7210841178894043e-05,0.0
59953,0.5232901573181152,-6.884057074785233e-05,0.0
59954,0.5233765840530396,-1.2032687664031982e-05,0.0
59955,0.5234590768814087,3.3454038202762604e-05,0.0
59956,0.5235368013381958,-8.838996291160583e-05,0.0
59957,0.5236111283302307,-7.400568574666977e-05,0.0
59958,0.5236887335777283,-3.23224812746048e-05,0.0
59959,0.5237644910812378,1.1072494089603424e-05,0.0
59960,0.523834228515625,2.5428831577301025e-05,0.0
59961,0.523834228515625,3.0049122869968414e-05,0.0
59962,0.5239705443382263,5.129911005496979e-05,0.0
59963,0.5240331292152405,4.259403795003891e-05,0.0
59964,0.5240982174873352,5.6337565183639526e-05,0.0
59965,0.5241662263870239,-4.8961490392684937e-05,0.0
59966,0.5242273807525635,-4.63901087641716e-05,0.0
59967,0.5242855548858643,-5.79124316573143e-05,0.0
59968,0.5243515968322754,4.516914486885071e-07,0.0
59969,0.5244110226631165,1.9214116036891937e-05,0.0
59970,0.5244723558425903,-8.98800790309906e-05,0.0
59971,0.524536669254303,-1.5047378838062286e-05,0.0
59972,0.5245979428291321,4.755239933729172e-05,0.0
59973,0.5248610973358154,2.3346394300460815e-05,0.0
59974,0.5246505737304688,4.586763679981232e-05,0.0
59975,0.5247659683227539,3.216788172721863e-06,0.0
59977,0.5248702168464661,-9.058229625225067e-05,0.0
59978,0.5251083374023438,-0.00010047759860754013,0.0
59979,0.5249178409576416,-8.409284055233002e-05,0.0
59980,0.525012195110321,-7.139891386032104e-05,0.0
59981,0.5250585079193115,-5.774758756160736e-05,0.0
59982,0.5251085758209229,3.729015588760376e-06,0.0
59983,0.5251525044441223,1.6400590538978577e-05,0.0
59984,0.5251918435096741,-1.9159168004989624e-05,0.0
59985,0.5252335667610168,-1.622922718524933e-05,0.0
59986,0.5252791047096252,3.350991755723953e-05,0.0
59987,0.5253199934959412,-0.00010401662439107895,0.0
59988,0.5253686904907227,3.520399332046509e-07,0.0
59989,0.5254238843917847,-0.00010557752102613449,0.0
59990,0.5254639983177185,-7.625482976436615e-05,0.0
59991,0.5255039930343628,-4.165247082710266e-05,0.0
59992,0.525541365146637,-3.0108727514743805e-05,0.0
59993,0.5255756974220276,-4.319287836551666e-05,0.0
59994,0.5256119966506958,-2.2962689399719238e-05,0.0
59995,0.5256518721580505,-9.128544479608536e-05,0.0
59996,0.5256959199905396,-9.588431566953659e-05,0.0
59997,0.5257486701011658,2.707540988922119e-05,0.0
59998,0.5257918238639832,3.665219992399216e-05,0.0
59999,0.5258436799049377,4.569347947835922e-05,0.0
60000,0.5258811712265015,8.518807590007782e-06,0.0
60001,0.5259308815002441,1.8442049622535706e-05,0.0
60002,0.5259657502174377,-4.2469240725040436e-05,0.0
60003,0.5259958505630493,-1.5949830412864685e-05,0.0
60004,0.5260244011878967,-2.8330832719802856e-06,0.0
60005,0.5260512232780457,-4.689209163188934e-06,0.0
60006,0.5260787010192871,9.598210453987122e-06,0.0
60007,0.5261080265045166,-8.285138756036758e-05,0.0
60008,0.526138424873352,3.7383288145065308e-06,0.0
60009,0.5261756777763367,-7.434096187353134e-05,0.0
60010,0.5262002348899841,-6.381608545780182e-05,0.0
60011,0.526228666305542,2.6469118893146515e-05,0.0
60012,0.5263726115226746,-0.0001292070373892784,0.0
60013,0.5263269543647766,1.5091150999069214e-05,0.0
60014,0.5263484120368958,1.1548399925231934e-05,0.0
60015,0.5263754725456238,-9.669922292232513e-06,0.0
60016,0.5263970494270325,4.472211003303528e-06,0.0
60017,0.5264212489128113,-6.077159196138382e-05,0.0
60018,0.526442289352417,-2.8452835977077484e-05,0.0
60019,0.5264661312103271,-7.550418376922607e-05,0.0
60020,0.5264855623245239,-6.841495633125305e-05,0.0
60021,0.5265074372291565,5.281530320644379e-06,0.0
60022,0.5265267491340637,2.6926398277282715e-05,0.0
60024,0.5265642404556274,-5.085580050945282e-05,0.0
60025,0.5265642404556274,-4.425365477800369e-05,0.0
60026,0.5265835523605347,5.324371159076691e-06,0.0
60027,0.5266313552856445,-5.995947867631912e-05,0.0
60028,0.526655912399292,3.249291330575943e-05,0.0
60029,0.5266739130020142,-4.344247281551361e-05,0.0
60030,0.5266920924186707,3.50242480635643e-05,0.0
60031,0.5267172455787659,3.360491245985031e-05,0.0
60032,0.5267320871353149,4.610233008861542e-05,0.0
60033,0.5267473459243774,-6.480049341917038e-05,0.0
60034,0.5267623662948608,-3.843382000923157e-05,0.0
60036,0.5267909169197083,2.1367333829402924e-05,0.0
60037,0.5268591642379761,7.18114897608757e-05,0.0
60038,0.5268045663833618,5.293358117341995e-05,0.0
60039,0.5268319249153137,-4.780944436788559e-05,0.0
60040,0.5269590020179749,2.550426870584488e-05,0.0
60041,0.526868999004364,-3.0936673283576965e-05,0.0
60042,0.5268824696540833,-9.523890912532806e-05,0.0
60043,0.5268966555595398,6.744638085365295e-06,0.0
60044,0.5269086360931396,-9.404029697179794e-05,0.0
60045,0.5269195437431335,-7.683038711547852e-05,0.0
60046,0.5269306898117065,-6.0158781707286835e-05,0.0
60047,0.5269412398338318,-4.1311606764793396e-05,0.0
60048,0.5269519090652466,-3.3202581107616425e-05,0.0
60049,0.5269622802734375,-2.72262841463089e-05,0.0
60050,0.5269713401794434,-4.38028946518898e-05,0.0
60051,0.5269802808761597,-7.381103932857513e-05,0.0
60052,0.526989221572876,-0.00010489951819181442,0.0
60053,0.5269983410835266,2.9265880584716797e-05,0.0
60054,0.5270500779151917,-0.0003598565235733986,0.0
60055,0.5270171165466309,3.0965544283390045e-05,0.0
60056,0.5270261168479919,2.7808360755443573e-05,0.0
60057,0.5270339846611023,1.5869736671447754e-06,0.0
60058,0.527042806148529,1.450907438993454e-05,0.0
60059,0.5270514488220215,1.6167759895324707e-05,0.0
60060,0.5270598530769348,3.285985440015793e-05,0.0
60061,0.5270677804946899,3.130454570055008e-05,0.0
60062,0.5270752906799316,1.633167266845703e-05,0.0
60063,0.5270830392837524,5.105510354042053e-06,0.0
60064,0.5270905494689941,-1.040194183588028e-05,0.0
60065,0.5270974040031433,-4.525482654571533e-05,0.0
60066,0.5271047353744507,-5.705375224351883e-05,0.0
60067,0.5271129012107849,-7.16187059879303e-07,0.0
60068,0.5271210670471191,-7.958337664604187e-05,0.0
60069,0.5271273851394653,3.094598650932312e-05,0.0
60070,0.5271348357200623,-6.88210129737854e-05,0.0
60071,0.5271416902542114,-7.527787238359451e-05,0.0
60072,0.527176558971405,-2.7132220566272736e-05,0.0
60073,0.5271545648574829,-9.731296449899673e-05,0.0
60074,0.527160108089447,-1.0427087545394897e-05,0.0
60075,0.5271660089492798,-3.350619226694107e-05,0.0
60076,0.5272043943405151,1.4499761164188385e-05,0.0
60078,0.5272085666656494,-1.203920692205429e-05,0.0
60079,0.5271846055984497,-1.372024416923523e-05,0.0
60080,0.5271967053413391,1.2021511793136597e-05,0.0
60081,0.5272031426429749,-7.114838808774948e-05,0.0
60083,0.5272152423858643,2.2662803530693054e-05,0.0
60084,0.5272152423858643,2.8021633625030518e-05,0.0
60085,0.5272202491760254,3.3377669751644135e-05,0.0
60086,0.5272322297096252,1.1366792023181915e-05,0.0
60087,0.527238130569458,-4.340335726737976e-05,0.0
60088,0.5272430181503296,-2.789963036775589e-05,0.0
60089,0.5272476077079773,-2.8477981686592102e-05,0.0
60090,0.5272518396377563,-5.964655429124832e-05,0.0
60091,0.5272557735443115,1.989305019378662e-06,0.0
60092,0.5272814035415649,-0.0003336220979690552,0.0
60093,0.5272648334503174,-3.4729018807411194e-06,0.0
60094,0.5272687673568726,-5.609635263681412e-05,0.0
60095,0.5272733569145203,-6.156414747238159e-05,0.0
60096,0.5272770524024963,-0.0001050969585776329,0.0
60097,0.5272811055183411,-0.00010679941624403,0.0
60098,0.5272852182388306,-9.83336940407753e-05,0.0
60099,0.5272890329360962,2.2298656404018402e-05,0.0
60100,0.5272926092147827,1.3659708201885223e-05,0.0
60101,0.527296245098114,-9.475275874137878e-06,0.0
60102,0.5273001790046692,-3.6638230085372925e-06,0.0
60103,0.5273037552833557,-1.8227845430374146e-05,0.0
60104,0.5273037552833557,-1.6116537153720856e-05,0.0
60105,0.5273118019104004,-9.134411811828613e-05,0.0
60107,0.5273193120956421,-2.612173557281494e-05,0.0
60108,0.5273193120956421,-1.9805505871772766e-05,0.0
60109,0.5273225903511047,-6.551574915647507e-05,0.0
60110,0.5273309946060181,-3.2959505915641785e-05,0.0
60111,0.5273345708847046,3.237277269363403e-05,0.0
60112,0.527339518070221,-2.033170312643051e-05,0.0
60113,0.5273446440696716,-2.689007669687271e-05,0.0
60114,0.5273489952087402,8.380971848964691e-06,0.0
60115,0.5273519158363342,2.5981105864048004e-05,0.0
60116,0.527355432510376,-5.783233791589737e-05,0.0
60117,0.5273581147193909,-8.585397154092789e-05,0.0
60118,0.5273609757423401,-9.514391422271729e-05,0.0
60119,0.5273633599281311,7.210299372673035e-06,0.0
60120,0.5273658633232117,-2.4007633328437805e-05,0.0
60121,0.5273707509040833,-6.663333624601364e-05,0.0
60123,0.5273730754852295,2.8691254556179047e-05,0.0
60124,0.5273730754852295,3.393646329641342e-05,0.0
60125,0.5273730754852295,3.813300281763077e-05,0.0
60126,0.5273805856704712,3.367941826581955e-05,0.0
60127,0.5273830890655518,-9.477976709604263e-05,0.0
60128,0.5273857116699219,-6.654206663370132e-05,0.0
60129,0.5273879766464233,-5.2741728723049164e-05,0.0
60130,0.5273903012275696,-8.30087810754776e-05,0.0
60131,0.527392566204071,-4.3465755879879e-05,0.0
60132,0.5274028778076172,-0.0001240205019712448,0.0
60133,0.5273966193199158,-9.800028055906296e-05,0.0
60134,0.5273984670639038,-1.2861564755439758e-05,0.0
60135,0.5274000763893127,-6.347242742776871e-05,0.0
60136,0.5274017453193665,-5.9342943131923676e-05,0.0
60137,0.5274035930633545,-7.296353578567505e-05,0.0
60138,0.527405321598053,2.6632100343704224e-05,0.0
60139,0.5274069905281067,-1.8108636140823364e-05,0.0
60140,0.5274088382720947,-5.4834410548210144e-05,0.0
60141,0.5274108052253723,-2.998858690261841e-06,0.0
60142,0.5274124145507812,-3.381352871656418e-05,0.0
60143,0.5274222493171692,-4.870351403951645e-05,0.0
60144,0.5274143815040588,-3.1468458473682404e-05,0.0
60145,0.5274242162704468,-0.00012009590864181519,0.0
60146,0.52741938829422,-5.927868187427521e-05,0.0
60147,0.5274211168289185,-3.7511810660362244e-05,0.0
60148,0.5274227857589722,-3.9882026612758636e-05,0.0
60149,0.5274243950843811,-1.0149553418159485e-05,0.0
60150,0.5274260640144348,2.017989754676819e-05,0.0
60151,0.5274277925491333,-0.00015174131840467453,0.0
60152,0.5274300575256348,-0.00011769775301218033,0.0
60153,0.5274316072463989,-0.00022153835743665695,0.0
60154,0.5274332165718079,-0.000467752106487751,0.0
60155,0.5274391770362854,-0.0009678443893790245,0.0
60156,0.5274357199668884,-0.0008286535739898682,0.0
60157,0.527437150478363,-0.0008781766518950462,0.0
60158,0.5274388790130615,-0.0010683247819542885,0.0
60159,0.5274400115013123,-0.0013227816671133041,0.0
60160,0.527446985244751,-0.0021697357296943665,0.0
60161,0.5274526476860046,-0.0024040918797254562,0.0
60164,0.5274457335472107,-0.002197124995291233,0.0
60165,0.5274457335472107,-0.0021955659613013268,0.0
60166,0.5274457335472107,-0.0021932274103164673,0.0
60167,0.5274501442909241,-0.0029491502791643143,0.0
60168,0.5274510979652405,-0.0033196574077010155,0.0
60169,0.5274543762207031,-0.0038890577852725983,0.0
60170,0.5274566411972046,-0.004151682369410992,0.0
60171,0.5274589657783508,-0.0044740475714206696,0.0
60172,0.5274626612663269,-0.004865830764174461,0.0
60173,0.5274655818939209,-0.005316765978932381,0.0
60175,0.5274717211723328,-0.0059086112305521965,0.0
60176,0.5274717211723328,-0.005906790494918823,0.0
60177,0.5274747610092163,-0.00603528693318367,0.0
60178,0.5274810791015625,-0.0066106924787163734,0.0
60179,0.5274883508682251,-0.007169720716774464,0.0
60180,0.5274949073791504,-0.007523380219936371,0.0
60182,0.5274997353553772,-0.007738879881799221,0.0
60183,0.5275225043296814,-0.008408935740590096,0.0
60184,0.5275083184242249,-0.008141702972352505,0.0
60185,0.5275300741195679,-0.008718594908714294,0.0
60186,0.5275188684463501,-0.008471825160086155,0.0
60187,0.5275391340255737,-0.008687665686011314,0.0
60188,0.5275281667709351,-0.008677823469042778,0.0
60189,0.5275322794914246,-0.008792398497462273,0.0
60190,0.5275364518165588,-0.00883941538631916,0.0
60191,0.5275869965553284,-0.008921577595174313,0.0
60192,0.5276410579681396,-0.008978857658803463,0.0
60193,0.5275981426239014,-0.009330259636044502,0.0
60194,0.5275739431381226,-0.009345373138785362,0.0
60195,0.5275450348854065,-0.009387818165123463,0.0
60196,0.5275163054466248,-0.00945608876645565,0.0
60197,0.5274879336357117,-0.009554405696690083,0.0
60198,0.5273495316505432,-0.009763692505657673,0.0
60199,0.527411699295044,-0.010100197978317738,0.0
60200,0.5275202989578247,-0.009869398549199104,0.0
60201,0.5275972485542297,-0.010070918127894402,0.0
60202,0.5278370380401611,-0.010875115171074867,0.0
60203,0.5276894569396973,-0.010492611676454544,0.0
60204,0.5276665687561035,-0.01080565806478262,0.0
60205,0.5276426076889038,-0.011009739711880684,0.0
60206,0.5276426076889038,-0.011010758578777313,0.0
60207,0.5275872349739075,-0.011800605803728104,0.0
60208,0.5275964140892029,-0.01223316602408886,0.0
60209,0.5278966426849365,-0.013811340555548668,0.0
60210,0.5276550054550171,-0.013285736553370953,0.0
60211,0.5276623368263245,-0.013634709641337395,0.0
60212,0.5276668071746826,-0.014225317165255547,0.0
60213,0.5276607871055603,-0.014834966510534286,0.0
60214,0.527631402015686,-0.015463285148143768,0.0
60215,0.5275739431381226,-0.015853628516197205,0.0
60216,0.527509331703186,-0.016799859702587128,0.0
60217,0.5274465084075928,-0.017479147762060165,0.0
60218,0.5274518728256226,-0.01823716051876545,0.0
60219,0.5275092124938965,-0.019038591533899307,0.0
60220,0.5275449156761169,-0.019499100744724274,0.0
60221,0.5275449156761169,-0.01950252801179886,0.0
60222,0.5275281667709351,-0.021206293255090714,0.0
60223,0.5274606943130493,-0.021678730845451355,0.0
60224,0.5273892879486084,-0.022543830797076225,0.0
60225,0.5273198485374451,-0.023417862132191658,0.0
60226,0.5272486209869385,-0.023887712508440018,0.0
60227,0.5271799564361572,-0.024734482169151306,0.0
60228,0.5271244645118713,-0.02556605264544487,0.0
60229,0.527082085609436,-0.026391010731458664,0.0
60230,0.5267250537872314,-0.028936190530657768,0.0
60231,0.5269215106964111,-0.02752631902694702,0.0
60232,0.5268185138702393,-0.02824222296476364,0.0
60233,0.5267372131347656,-0.028988413512706757,0.0
60234,0.5265923738479614,-0.02965015172958374,0.0
60235,0.5264424681663513,-0.030305204913020134,0.0
60236,0.5263054966926575,-0.030525602400302887,0.0
60237,0.5261792540550232,-0.031214913353323936,0.0
60238,0.5255057215690613,-0.03302895277738571,0.0
60239,0.5255078077316284,-0.03328453749418259,0.0
60240,0.5258350968360901,-0.032676126807928085,0.0
60241,0.525666356086731,-0.03286221995949745,0.0
60242,0.5253815650939941,-0.03372206911444664,0.0
60243,0.5251662135124207,-0.033901382237672806,0.0
60244,0.5249305963516235,-0.03443356603384018,0.0
60245,0.5247340798377991,-0.0346050038933754,0.0
60246,0.5245474576950073,-0.034878551959991455,0.0
60247,0.5244076251983643,-0.03490714728832245,0.0
60248,0.5242522358894348,-0.03486103191971779,0.0
60249,0.5240846872329712,-0.035187430679798126,0.0
60250,0.5238990783691406,-0.03503923863172531,0.0
60251,0.523698627948761,-0.035246267914772034,0.0
60252,0.5226452946662903,-0.03567713126540184,0.0
60253,0.5222906470298767,-0.03579197824001312,0.0
60254,0.5219820737838745,-0.03428950905799866,0.0
60255,0.5227597951889038,-0.03525807335972786,0.0
60256,0.522523820400238,-0.0353231318295002,0.0
60257,0.5222558975219727,-0.035298410803079605,0.0
60258,0.5220359563827515,-0.03533504158258438,0.0
60259,0.521817684173584,-0.035404231399297714,0.0
60260,0.5215622782707214,-0.035053495317697525,0.0
60261,0.5215622782707214,-0.035064779222011566,0.0
60262,0.5210042595863342,-0.034951552748680115,0.0
60263,0.5207093358039856,-0.03485676273703575,0.0
60264,0.5204078555107117,-0.03475794568657875,0.0
60265,0.5201194882392883,-0.03469137102365494,0.0
60266,0.5198013186454773,-0.0345720611512661,0.0
60267,0.5182214975357056,-0.03433832898736,0.0
60268,0.5185858607292175,-0.03399628773331642,0.0
60269,0.5182515978813171,-0.03384500741958618,0.0
60270,0.5179508924484253,-0.033433426171541214,0.0
60271,0.5175914168357849,-0.03332037478685379,0.0
60272,0.517261266708374,-0.033288970589637756,0.0
60273,0.5168972611427307,-0.03314271941781044,0.0
60274,0.5165669918060303,-0.033100828528404236,0.0
60275,0.5162336230278015,-0.03273572027683258,0.0
60276,0.5158212780952454,-0.03285051882266998,0.0
60277,0.515351414680481,-0.032419800758361816,0.0
60278,0.5149005055427551,-0.03245895728468895,0.0
60279,0.512540340423584,-0.031097423285245895,0.0
60280,0.5139786005020142,-0.032086580991744995,0.0
60281,0.513597309589386,-0.03202667087316513,0.0
60282,0.5132075548171997,-0.03163459897041321,0.0
60283,0.5127750039100647,-0.031787775456905365,0.0
60284,0.5123942494392395,-0.031403638422489166,0.0
60285,0.5119923949241638,-0.031321942806243896,0.0
60286,0.5116294622421265,-0.03132552281022072,0.0
60287,0.5112255811691284,-0.03126707300543785,0.0
60288,0.5108300447463989,-0.03093043901026249,0.0
60289,0.5104140043258667,-0.03086424618959427,0.0
60290,0.5083054900169373,-0.030872920528054237,0.0
60292,0.5091277956962585,-0.030784662812948227,0.0
60293,0.5087427496910095,-0.030464425683021545,0.0
60294,0.5087427496910095,-0.030473489314317703,0.0
60295,0.5079466700553894,-0.030399389564990997,0.0
60296,0.5075467824935913,-0.03039887174963951,0.0
60297,0.5070366859436035,-0.0302757378667593,0.0
60298,0.5065943002700806,-0.029966574162244797,0.0
60299,0.5065943002700806,-0.029977595433592796,0.0
60300,0.5054218769073486,-0.02982005476951599,0.0
60301,0.5049570202827454,-0.02970327064394951,0.0
60302,0.5045313239097595,-0.02973342314362526,0.0
60303,0.5041101574897766,-0.02953769825398922,0.0
60304,0.5036681890487671,-0.029592463746666908,0.0
60305,0.5032528638839722,-0.02962309867143631,0.0
60306,0.502822995185852,-0.029318885877728462,0.0
60307,0.5006082057952881,-0.02934812568128109,0.0
60308,0.5019567012786865,-0.02935251221060753,0.0
60309,0.5015487670898438,-0.02909810096025467,0.0
60310,0.5011187791824341,-0.029131706804037094,0.0
60311,0.5006808638572693,-0.029140640050172806,0.0
60312,0.5002687573432922,-0.029198400676250458,0.0
60313,0.49983084201812744,-0.02893739566206932,0.0
60314,0.49930137395858765,-0.028911814093589783,0.0
60315,0.49930137395858765,-0.028920095413923264,0.0
60316,0.4983481168746948,-0.02897506207227707,0.0
60317,0.49789202213287354,-0.028961293399333954,0.0
60318,0.49747180938720703,-0.0290108323097229,0.0
60319,0.4970633387565613,-0.028799690306186676,0.0
60320,0.49658674001693726,-0.028858788311481476,0.0
60321,0.4961329698562622,-0.028663665056228638,0.0
60322,0.49565112590789795,-0.028717849403619766,0.0
60323,0.49565112590789795,-0.028728052973747253,0.0
60324,0.49479055404663086,-0.02870755083858967,0.0
60325,0.49433034658432007,-0.02867051213979721,0.0
60326,0.49150973558425903,-0.028529677540063858,0.0
60327,0.4933707118034363,-0.028621284291148186,0.0
60328,0.4929925203323364,-0.028648696839809418,0.0
60329,0.4925295114517212,-0.0286185834556818,0.0
60330,0.49208080768585205,-0.028684504330158234,0.0
60331,0.491635799407959,-0.028741445392370224,0.0
60332,0.4912802577018738,-0.02855507843196392,0.0
60333,0.49097877740859985,-0.02868063375353813,0.0
60334,0.49065136909484863,-0.028735952451825142,0.0
60335,0.4903210401535034,-0.028486378490924835,0.0
60336,0.4886780381202698,-0.028575357049703598,0.0
60337,0.4897041320800781,-0.028644194826483727,0.0
60338,0.4881940484046936,-0.02891155332326889,0.0
60339,0.4894021153450012,-0.02874084562063217,0.0
60340,0.48863548040390015,-0.028544476255774498,0.0
60341,0.4883120656013489,-0.02859313040971756,0.0
60342,0.4879947900772095,-0.028626378625631332,0.0
60343,0.487700879573822,-0.02862623892724514,0.0
60344,0.4873712658882141,-0.02867492288351059,0.0
60345,0.4870208501815796,-0.028717316687107086,0.0
60346,0.4866410493850708,-0.02869548089802265,0.0
60347,0.486375093460083,-0.02848859876394272,0.0
60348,0.4860120415687561,-0.028524458408355713,0.0
60349,0.4857288599014282,-0.028543004766106606,0.0
60350,0.48539823293685913,-0.028599806129932404,0.0
60351,0.4851117730140686,-0.02872249111533165,0.0
60352,0.48393356800079346,-0.028184015303850174,0.0
60353,0.48462480306625366,-0.028658028692007065,0.0
60354,0.4843983054161072,-0.02890590950846672,0.0
60355,0.484147846698761,-0.028787801042199135,0.0
60356,0.48388051986694336,-0.02928788587450981,0.0
60357,0.48388051986694336,-0.029296163469552994,0.0
60358,0.48338383436203003,-0.02966233715415001,0.0
60359,0.483110249042511,-0.02998090162873268,0.0
60360,0.48281651735305786,-0.029927760362625122,0.0
60361,0.48253345489501953,-0.03023676946759224,0.0
60362,0.48230665922164917,-0.030858200043439865,0.0
60363,0.4821133017539978,-0.0312562920153141,0.0
60364,0.4818972945213318,-0.031270913779735565,0.0
60365,0.481462299823761,-0.032209549099206924,0.0
60367,0.4812766909599304,-0.032625794410705566,0.0
60368,0.4812766909599304,-0.032628223299980164,0.0
60370,0.48071759939193726,-0.03400034457445145,0.0
60371,0.4805666208267212,-0.03457191586494446,0.0
60372,0.4805666208267212,-0.03459038957953453,0.0
60373,0.4798561930656433,-0.035932257771492004,0.0
60374,0.47957175970077515,-0.036694884300231934,0.0
60375,0.4794408679008484,-0.037278153002262115,0.0
60376,0.4793027639389038,-0.038237158209085464,0.0
60377,0.4791049361228943,-0.03904770687222481,0.0
60378,0.4789952039718628,-0.03957580029964447,0.0
60379,0.47883331775665283,-0.04009021446108818,0.0
60380,0.47856682538986206,-0.041207246482372284,0.0
60382,0.4784773588180542,-0.04164939001202583,0.0
60383,0.4784773588180542,-0.041680045425891876,0.0
60384,0.4774631857872009,-0.04298136755824089,0.0
60385,0.47801971435546875,-0.04275807738304138,0.0
60386,0.47789764404296875,-0.04366915673017502,0.0
60387,0.4778352975845337,-0.04393560439348221,0.0
60388,0.4776735305786133,-0.04425846040248871,0.0
60389,0.4775552749633789,-0.04503939300775528,0.0
60390,0.4775281548500061,-0.045670438557863235,0.0
60391,0.47751080989837646,-0.04595416411757469,0.0
60392,0.47746556997299194,-0.04608885571360588,0.0
60393,0.47689664363861084,-0.04771845042705536,0.0
60394,0.4771808981895447,-0.04677720367908478,0.0
60395,0.4771832227706909,-0.046464938670396805,0.0
60396,0.4772065281867981,-0.04676998406648636,0.0
60398,0.47702187299728394,-0.047444745898246765,0.0
60399,0.4770440459251404,-0.04764619469642639,0.0
60400,0.4770440459251404,-0.04766233637928963,0.0
60401,0.4769213795661926,-0.04795220494270325,0.0
60402,0.4769381880760193,-0.048212066292762756,0.0
60403,0.4769381880760193,-0.0482284352183342,0.0
60404,0.47675639390945435,-0.048634737730026245,0.0
60405,0.47680139541625977,-0.04869180917739868,0.0
60406,0.4768103361129761,-0.04840462654829025,0.0
60407,0.47674649953842163,-0.04863157495856285,0.0
60408,0.4766165614128113,-0.04924086108803749,0.0
60409,0.4766058921813965,-0.04895028471946716,0.0
60410,0.476639986038208,-0.04900659993290901,0.0
60411,0.4766308069229126,-0.04964107647538185,0.0
60412,0.4765360355377197,-0.04900866374373436,0.0
60413,0.4764913320541382,-0.04930471256375313,0.0
60414,0.4765270948410034,-0.04944046586751938,0.0
60415,0.47655564546585083,-0.04954300820827484,0.0
60416,0.47643953561782837,-0.04955947399139404,0.0
60417,0.4764787554740906,-0.04982791468501091,0.0
60418,0.4763635993003845,-0.04966011643409729,0.0
60419,0.4763972759246826,-0.04994119703769684,0.0
60420,0.4764412045478821,-0.049964528530836105,0.0
60421,0.47639888525009155,-0.05029689520597458,0.0
60422,0.4763649106025696,-0.05056832358241081,0.0
60423,0.476412832736969,-0.0504218228161335,0.0
60424,0.47641950845718384,-0.0507233664393425,0.0
60425,0.4762994050979614,-0.050712183117866516,0.0
60426,0.4763106107711792,-0.0503692552447319,0.0
60427,0.4763726592063904,-0.050307463854551315,0.0
60428,0.47642624378204346,-0.05102742463350296,0.0
60429,0.47638940811157227,-0.05083335191011429,0.0
60430,0.4763219356536865,-0.0509343147277832,0.0
60431,0.4763537645339966,-0.05104280263185501,0.0
60432,0.47633451223373413,-0.05095280706882477,0.0
60433,0.4761870503425598,-0.0507044717669487,0.0
60434,0.4761834144592285,-0.05150929093360901,0.0
60436,0.47578465938568115,-0.06013084203004837,0.0
60437,0.47615790367126465,-0.050896454602479935,0.0
60438,0.47621601819992065,-0.050920095294713974,0.0
60439,0.4763186573982239,-0.051128894090652466,0.0
60440,0.4763474464416504,-0.050783976912498474,0.0
60441,0.4763811230659485,-0.050674449652433395,0.0
60442,0.47636425495147705,-0.05124365910887718,0.0
60443,0.47633808851242065,-0.05100717023015022,0.0
60444,0.47633808851242065,-0.05101146548986435,0.0
60445,0.47633808851242065,-0.051015760749578476,0.0
60446,0.4763415455818176,-0.050583887845277786,0.0
60447,0.4763783812522888,-0.051179248839616776,0.0
60448,0.4763783812522888,-0.0511835552752018,0.0
60449,0.4763754606246948,-0.05090782791376114,0.0
60450,0.4765027165412903,-0.05044018104672432,0.0
60451,0.47660666704177856,-0.049971163272857666,0.0
60452,0.4763960838317871,-0.05125495046377182,0.0
60453,0.47640955448150635,-0.05110369995236397,0.0
60454,0.47640955448150635,-0.0511079877614975,0.0
60455,0.47629231214523315,-0.05103065446019173,0.0
60456,0.47634661197662354,-0.0509297139942646,0.0
60457,0.47634661197662354,-0.05093824118375778,0.0
60459,0.4762953519821167,-0.05122575908899307,0.0
60460,0.4762953519821167,-0.05123434215784073,0.0
60461,0.4765835404396057,-0.05129222199320793,0.0
60462,0.4768331050872803,-0.05372345447540283,0.0
60463,0.47640883922576904,-0.05198737233877182,0.0
60464,0.4765128493309021,-0.05154505372047424,0.0
60465,0.4764818549156189,-0.05132643133401871,0.0
60466,0.47649961709976196,-0.051763780415058136,0.0
60467,0.47638124227523804,-0.05222335457801819,0.0
60468,0.4763627052307129,-0.05222230777144432,0.0
60469,0.4764356017112732,-0.051958270370960236,0.0
60470,0.47650134563446045,-0.051848020404577255,0.0
60471,0.0,-0.05235695838928223,0.31060102581977844
60472,0.0,-0.05221784859895706,0.3111152648925781
60473,0.0,-0.05215493217110634,0.31165772676467896
60474,0.0,-0.05206667631864548,0.3111981153488159
60475,0.0,-0.05193447694182396,0.30739355087280273
60476,0.0,-0.051670100539922714,0.2991557717323303
60477,0.0,-0.052377957850694656,0.2890755832195282
60478,0.0,-0.05135924369096756,0.22828876972198486
60479,0.0,-0.05150773003697395,0.2632206976413727
60480,0.0,-0.0520947203040123,0.24974603950977325
60481,0.0,-0.051841676235198975,0.23667749762535095
60482,0.0,-0.05156915262341499,0.2232498824596405
60483,0.0,-0.051202088594436646,0.20854680240154266
60484,0.0,-0.050864070653915405,0.19405439496040344
60485,0.0,-0.04192257672548294,0.1804613173007965
60486,0.0,-0.041766270995140076,0.16277700662612915
60487,0.0,-0.04156415909528732,0.11895293742418289
60488,0.0,-0.04157085716724396,0.10110295563936234
60489,0.0,-0.04129897430539131,0.0854993388056755
60490,0.0,-0.04161292314529419,0.07329235970973969
60491,0.0,-0.04200538247823715,0.06196078658103943
60492,0.0,-0.041891470551490784,0.05248711258172989
60493,0.0,-0.04258139804005623,0.04286927729845047
60494,0.0,-0.042333103716373444,0.032764092087745667
60495,0.0,-0.043041013181209564,0.02343636006116867
60496,0.0,-0.035724934190511703,0.014242097735404968
60497,0.0,-0.03543044999241829,0.004584413021802902
60498,0.005205892026424408,-0.03581278771162033,0.0
60499,0.015108272433280945,-0.037018828094005585,0.0
60500,0.024572454392910004,-0.037606675177812576,0.0
60501,0.033182524144649506,-0.03838372975587845,0.0
60502,0.04213941842317581,-0.03913740813732147,0.0
60503,0.05050674453377724,-0.040055349469184875,0.0
60504,0.05986405909061432,-0.040798675268888474,0.0
60505,0.06856828927993774,-0.04164830222725868,0.0
60506,0.07702753692865372,-0.042492397129535675,0.0
60507,0.08529636263847351,-0.04336835816502571,0.0
60508,0.12596145272254944,-0.04605561122298241,0.0
60509,0.10150660574436188,-0.045905306935310364,0.0
60510,0.10880248248577118,-0.046790823340415955,0.0
60511,0.11628811806440353,-0.04756321758031845,0.0
60512,0.12363837659358978,-0.048282016068696976,0.0
60513,0.13067902624607086,-0.049007348716259,0.0
60514,0.13777489960193634,-0.049590662121772766,0.0
60515,0.1440514773130417,-0.04934162646532059,0.0
60516,0.15091851353645325,-0.05064588785171509,0.0
60517,0.1585036963224411,-0.04160302132368088,0.0
60518,0.16584034264087677,-0.04168321192264557,0.0
60519,0.17326104640960693,-0.04240148514509201,0.0
60520,0.18103402853012085,-0.04293299838900566,0.0
60521,0.18816456198692322,-0.04396629333496094,0.0
60522,0.19428926706314087,-0.044570859521627426,0.0
60523,0.19977785646915436,-0.04537726938724518,0.0
60524,0.20470362901687622,-0.04544224590063095,0.0
60525,0.20949681103229523,-0.04643893241882324,0.0
60526,0.2142973244190216,-0.04733215272426605,0.0
60527,0.21947169303894043,-0.048069268465042114,0.0
60528,0.22439727187156677,-0.048883579671382904,0.0
60529,0.22920317947864532,-0.049634549766778946,0.0
60530,0.2339802235364914,-0.050091370940208435,0.0
60531,0.23857516050338745,-0.049585141241550446,0.0
60532,0.2591412663459778,-0.05011900141835213,0.0
60533,0.24708326160907745,-0.04995139688253403,0.0
60534,0.2517324686050415,-0.04971728473901749,0.0
60535,0.25672852993011475,-0.04958353936672211,0.0
60536,0.26121437549591064,-0.04945738613605499,0.0
60537,0.2653053402900696,-0.048244915902614594,0.0
60538,0.26900848746299744,-0.047738879919052124,0.0
60539,0.272763192653656,-0.047035593539476395,0.0
60540,0.27621957659721375,-0.04629136621952057,0.0
60541,0.2798216938972473,-0.04559211805462837,0.0
60542,0.2827044725418091,-0.044341299682855606,0.0
60543,0.2854752540588379,-0.043625496327877045,0.0
60544,0.28818589448928833,-0.042839884757995605,0.0
60545,0.290812611579895,-0.041921429336071014,0.0
60546,0.29352861642837524,-0.040832556784152985,0.0
60547,0.2961503267288208,-0.03987071290612221,0.0
60548,0.29867619276046753,-0.03863397240638733,0.0
60549,0.30084824562072754,-0.03776465356349945,0.0
60550,0.3031423091888428,-0.03684873506426811,0.0
60551,0.3052547574043274,-0.03601376712322235,0.0
60552,0.30759620666503906,-0.03489581122994423,0.0
60553,0.30967116355895996,-0.033933158963918686,0.0
60554,0.3121412992477417,-0.03300239518284798,0.0
60555,0.3141549825668335,-0.03212359920144081,0.0
60556,0.31629353761672974,-0.031026940792798996,0.0
60557,0.3181736469268799,-0.030260026454925537,0.0
60558,0.31992918252944946,-0.029550187289714813,0.0
60559,0.32147133350372314,-0.028788398951292038,0.0
60560,0.32313185930252075,-0.028138261288404465,0.0
60561,0.32455193996429443,-0.027416417375206947,0.0
60562,0.3259285092353821,-0.026794612407684326,0.0
60563,0.3272666335105896,-0.026189487427473068,0.0
60564,0.3287314772605896,-0.025569792836904526,0.0
60565,0.3301072120666504,-0.02492975816130638,0.0
60566,0.33154165744781494,-0.02427002415060997,0.0
60567,0.3328326940536499,-0.02373538166284561,0.0
60568,0.33422791957855225,-0.02312738075852394,0.0
60569,0.33553922176361084,-0.022560903802514076,0.0
60570,0.3367729187011719,-0.021792499348521233,0.0
60571,0.3380090594291687,-0.021273959428071976,0.0
60572,0.3391570448875427,-0.020810745656490326,0.0
60573,0.34037649631500244,-0.02033340558409691,0.0
60574,0.34140825271606445,-0.01992444321513176,0.0
60575,0.3424467444419861,-0.019508764147758484,0.0
60576,0.34345901012420654,-0.019112616777420044,0.0
60577,0.3444064259529114,-0.018745098263025284,0.0
60578,0.34534043073654175,-0.018383771181106567,0.0
60579,0.3462865352630615,-0.018023042008280754,0.0
60580,0.3471839427947998,-0.01768348179757595,0.0
60581,0.3480073809623718,-0.01737656071782112,0.0
60582,0.3488982319831848,-0.01705148071050644,0.0
60583,0.34962087869644165,-0.016790583729743958,0.0
60585,0.3511331081390381,-0.0162728913128376,0.0
60586,0.3511331081390381,-0.0162745863199234,0.0
60587,0.35189592838287354,-0.016027631238102913,0.0
60588,0.35402733087539673,-0.015407833270728588,0.0
60589,0.35503947734832764,-0.015167349018156528,0.0
60590,0.35579627752304077,-0.01501356903463602,0.0
60591,0.3564912676811218,-0.014901023358106613,0.0
60592,0.3569788932800293,-0.014839922077953815,0.0
60593,0.357483446598053,-0.014791680499911308,0.0
60594,0.35793203115463257,-0.014765945263206959,0.0
60595,0.3584306836128235,-0.014744485728442669,0.0
60596,0.35888761281967163,-0.014728918671607971,0.0
60597,0.359367311000824,-0.01468704268336296,0.0
60598,0.35979610681533813,-0.014624222181737423,0.0
60599,0.36027073860168457,-0.014522706158459187,0.0
60600,0.360726535320282,-0.014388919807970524,0.0
60601,0.3611483573913574,-0.014226063154637814,0.0
60602,0.36158502101898193,-0.014015335589647293,0.0
60603,0.36203134059906006,-0.013749727979302406,0.0
60604,0.3624536395072937,-0.013443688862025738,0.0
60605,0.362861692905426,-0.013093256391584873,0.0
60606,0.36328399181365967,-0.012665214017033577,0.0
60607,0.3636553883552551,-0.01222960650920868,0.0
60608,0.36402225494384766,-0.011735610663890839,0.0
60609,0.3643862009048462,-0.011182038113474846,0.0
60610,0.36474961042404175,-0.010569998994469643,0.0
60611,0.36507922410964966,-0.009943079203367233,0.0
60612,0.3653908371925354,-0.009274868294596672,0.0
60613,0.3656999468803406,-0.008567108772695065,0.0
60614,0.366005539894104,-0.007833425886929035,0.0
60615,0.3663184642791748,-0.006985926069319248,0.0
60616,0.3666326403617859,-0.00606082659214735,0.0
60617,0.36703139543533325,-0.004845304414629936,0.0
60618,0.3673973083496094,-0.003601532429456711,0.0
60619,0.3677254319190979,-0.002430623397231102,0.0
60620,0.36796116828918457,-0.0015518153086304665,0.0
60621,0.3681625723838806,-0.0008210120722651482,0.0
60622,0.3683502674102783,-6.312690675258636e-05,0.0
60623,0.36852794885635376,0.0005572633817791939,0.0
60624,0.3687046766281128,0.0012686802074313164,0.0
60625,0.3688773512840271,0.0018506264314055443,0.0
60626,0.369062602519989,0.0026175621896982193,0.0
60627,0.36923229694366455,0.003174317069351673,0.0
60628,0.36942094564437866,0.003820795565843582,0.0
60629,0.3695877194404602,0.004488355480134487,0.0
60630,0.0,0.004945467226207256,1.0
60631,0.0,0.0054322900250554085,1.0
60632,0.0,0.005944841541349888,1.0
60633,0.0,0.006349693983793259,1.0
60634,0.0,0.006984547711908817,1.0
60635,0.0,0.0073093753308057785,1.0
60636,0.0,0.007559214718639851,1.0
60637,0.0,0.007923095487058163,1.0
60638,0.0,0.008064874447882175,1.0
60639,0.0,0.010694059543311596,1.0
60640,0.0,0.011106733232736588,0.9316908121109009
60641,0.0,0.011415522545576096,0.8553860187530518
60642,0.0,0.011439717374742031,0.7669057250022888
60643,0.0,0.015342316590249538,0.6872469186782837
60644,0.0,0.015540845692157745,0.6092408299446106
60645,0.0,0.015272410586476326,0.5308540463447571
60646,0.0,0.015209444798529148,0.4644598066806793
60647,0.0,0.015006592497229576,0.40708500146865845
60648,0.0,0.02011174149811268,0.3510083854198456
60649,0.0,0.019769761711359024,0.2652747929096222
60650,0.0,0.01954123005270958,0.21062856912612915
60651,0.0,0.019006583839654922,0.16605010628700256
60652,0.0,0.0177919901907444,0.12011949717998505
60653,0.0,0.017010174691677094,0.08897469192743301
60654,0.0,0.01682775653898716,0.06281726807355881
60655,0.0,0.015958888456225395,0.04245360940694809
60656,0.0,0.023179449141025543,0.019071221351623535
60657,0.0,0.022162478417158127,0.004584053531289101
60658,0.009504622779786587,0.021256286650896072,0.0
60659,0.021356459707021713,0.02110256254673004,0.0
60660,0.031459078192710876,0.01987067237496376,0.0
60661,0.0405147522687912,0.019546018913388252,0.0
